StartTime: 2021-09-17 17:36:37.358
address	Time(s)	ChipTime	ax(g)	ay(g)	az(g)	wx(deg/s)	wy(deg/s)	wz(deg/s)	AngleX(deg)	AngleY(deg)	AngleZ(deg)	T(°)	hx	hy	hz	D0	D1	D2	D3	Pressure(Pa)	Altitude(m)	Lon(deg)	Lat(deg)	GPSHeight(m)	GPSYaw(deg)	GPSV(km/h)	q0	q1	q2	q3	SV	PDOP	HDOP	VDOP
0x50	 17:36:37.358	 2000-00-00 00:00:26.730	0.0293	-0.0063	0.9971	0.0000	0.0000	0.0000	-0.3680	-1.6205	-162.0428	30.23	-221	-636	-658	0	0	0	0	0	0.00	0.00000000	0.00000000	0.0	0.0	0.000	0.15598	-0.01447	0.00098	-0.98761	0	0.00	0.00	0.00
0x50	 17:36:37.424	 2000-00-00 00:00:26.755	0.0293	-0.0078	0.9990	0.0000	0.0000	0.0000	-0.3680	-1.6205	-162.0428	30.17	-221	-636	-658	0	0	0	0	0	0.00	0.00000000	0.00000000	0.0	0.0	0.000	0.15598	-0.01447	0.00095	-0.98761	0	0.00	0.00	0.00
0x50	 17:36:37.425	 2000-00-00 00:00:26.775	0.0269	-0.0049	1.0005	0.0000	0.0000	0.0000	-0.3680	-1.6205	-162.0428	30.11	-221	-635	-660	0	0	0	0	0	0.00	0.00000000	0.00000000	0.0	0.0	0.000	0.15598	-0.01447	0.00095	-0.98761	0	0.00	0.00	0.00
0x50	 17:36:37.425	 2000-00-00 00:00:26.795	0.0308	-0.0059	0.9971	0.0000	0.0000	0.0000	-0.3680	-1.6205	-162.0428	30.23	-221	-635	-660	0	0	0	0	0	0.00	0.00000000	0.00000000	0.0	0.0	0.000	0.15598	-0.01447	0.00095	-0.98761	0	0.00	0.00	0.00
0x50	 17:36:37.441	 2000-00-00 00:00:26.815	0.0288	-0.0049	1.0020	0.0000	0.0000	0.0000	-0.3680	-1.6205	-162.0428	30.11	-221	-635	-660	0	0	0	0	0	0.00	0.00000000	0.00000000	0.0	0.0	0.000	0.15598	-0.01447	0.00095	-0.98761	0	0.00	0.00	0.00
0x50	 17:36:37.462	 2000-00-00 00:00:26.840	0.0293	-0.0054	0.9985	0.0000	0.0000	0.0000	-0.3680	-1.6205	-162.0428	30.29	-221	-637	-663	0	0	0	0	0	0.00	0.00000000	0.00000000	0.0	0.0	0.000	0.15598	-0.01447	0.00095	-0.98761	0	0.00	0.00	0.00
0x50	 17:36:37.529	 2000-00-00 00:00:26.860	0.0269	-0.0049	1.0010	0.0000	0.0000	0.0000	-0.3680	-1.6205	-162.0428	30.17	-221	-638	-662	0	0	0	0	0	0.00	0.00000000	0.00000000	0.0	0.0	0.000	0.15598	-0.01447	0.00095	-0.98761	0	0.00	0.00	0.00
0x50	 17:36:37.529	 2000-00-00 00:00:26.880	0.0278	-0.0078	1.0029	0.0000	0.0000	0.0000	-0.3680	-1.6205	-162.0428	30.17	-222	-638	-658	0	0	0	0	0	0.00	0.00000000	0.00000000	0.0	0.0	0.000	0.15598	-0.01447	0.00095	-0.98761	0	0.00	0.00	0.00
0x50	 17:36:37.530	 2000-00-00 00:00:26.900	0.0269	-0.0059	0.9995	0.0000	0.0000	0.0000	-0.3680	-1.6205	-162.0428	30.04	-222	-638	-656	0	0	0	0	0	0.00	0.00000000	0.00000000	0.0	0.0	0.000	0.15598	-0.01447	0.00095	-0.98761	0	0.00	0.00	0.00
0x50	 17:36:37.545	 2000-00-00 00:00:26.920	0.0278	-0.0063	1.0015	0.0000	0.0000	0.0000	-0.3680	-1.6205	-162.0428	30.23	-221	-638	-657	0	0	0	0	0	0.00	0.00000000	0.00000000	0.0	0.0	0.000	0.15598	-0.01447	0.00098	-0.98761	0	0.00	0.00	0.00
0x50	 17:36:37.567	 2000-00-00 00:00:26.945	0.0293	-0.0049	0.9995	0.0000	0.0000	0.0000	-0.3680	-1.6205	-162.0428	30.04	-221	-636	-659	0	0	0	0	0	0.00	0.00000000	0.00000000	0.0	0.0	0.000	0.15598	-0.01447	0.00098	-0.98761	0	0.00	0.00	0.00
0x50	 17:36:37.632	 2000-00-00 00:00:26.965	0.0283	-0.0054	0.9990	0.0000	0.0000	0.0000	-0.3680	-1.6205	-162.0428	30.11	-221	-636	-659	0	0	0	0	0	0.00	0.00000000	0.00000000	0.0	0.0	0.000	0.15598	-0.01447	0.00098	-0.98761	0	0.00	0.00	0.00
0x50	 17:36:37.632	 2000-00-00 00:00:26.985	0.0283	-0.0068	1.0015	0.0000	0.0000	0.0000	-0.3680	-1.6205	-162.0428	30.23	-221	-635	-660	0	0	0	0	0	0.00	0.00000000	0.00000000	0.0	0.0	0.000	0.15598	-0.01447	0.00098	-0.98761	0	0.00	0.00	0.00
0x50	 17:36:37.632	 2000-00-00 00:00:27.010	0.0278	-0.0059	1.0010	0.0000	0.0000	0.0000	-0.3680	-1.6205	-162.0428	30.17	-221	-636	-660	0	0	0	0	0	0.00	0.00000000	0.00000000	0.0	0.0	0.000	0.15598	-0.01447	0.00098	-0.98761	0	0.00	0.00	0.00
0x50	 17:36:37.652	 2000-00-00 00:00:27.030	0.0298	-0.0039	1.0015	0.0000	0.0000	0.0000	-0.3680	-1.6205	-162.0428	30.11	-221	-636	-662	0	0	0	0	0	0.00	0.00000000	0.00000000	0.0	0.0	0.000	0.15598	-0.01447	0.00098	-0.98761	0	0.00	0.00	0.00
0x50	 17:36:37.673	 2000-00-00 00:00:27.050	0.0293	-0.0059	0.9937	0.0000	0.0000	0.0000	-0.3680	-1.6205	-162.0428	30.17	-222	-638	-657	0	0	0	0	0	0.00	0.00000000	0.00000000	0.0	0.0	0.000	0.15598	-0.01450	0.00098	-0.98761	0	0.00	0.00	0.00
0x50	 17:36:37.742	 2000-00-00 00:00:27.070	0.0273	-0.0059	0.9995	0.0000	0.0000	0.0000	-0.3680	-1.6205	-162.0428	30.11	-222	-639	-655	0	0	0	0	0	0.00	0.00000000	0.00000000	0.0	0.0	0.000	0.15598	-0.01450	0.00098	-0.98761	0	0.00	0.00	0.00
0x50	 17:36:37.743	 2000-00-00 00:00:27.090	0.0288	-0.0078	0.9976	0.0000	0.0000	0.0000	-0.3680	-1.6205	-162.0428	30.29	-222	-638	-657	0	0	0	0	0	0.00	0.00000000	0.00000000	0.0	0.0	0.000	0.15598	-0.01450	0.00098	-0.98761	0	0.00	0.00	0.00
0x50	 17:36:37.743	 2000-00-00 00:00:27.110	0.0288	-0.0078	0.9985	0.0000	0.0000	0.0000	-0.3680	-1.6205	-162.0428	30.29	-221	-636	-659	0	0	0	0	0	0.00	0.00000000	0.00000000	0.0	0.0	0.000	0.15598	-0.01450	0.00098	-0.98761	0	0.00	0.00	0.00
0x50	 17:36:37.756	 2000-00-00 00:00:27.135	0.0283	-0.0063	1.0005	0.0000	0.0000	0.0000	-0.3680	-1.6205	-162.0428	30.11	-221	-635	-659	0	0	0	0	0	0.00	0.00000000	0.00000000	0.0	0.0	0.000	0.15598	-0.01450	0.00098	-0.98761	0	0.00	0.00	0.00
0x50	 17:36:37.778	 2000-00-00 00:00:27.155	0.0278	-0.0078	0.9995	0.0000	0.0000	0.0000	-0.3680	-1.6205	-162.0428	30.17	-221	-634	-660	0	0	0	0	0	0.00	0.00000000	0.00000000	0.0	0.0	0.000	0.15598	-0.01450	0.00098	-0.98761	0	0.00	0.00	0.00
0x50	 17:36:37.846	 2000-00-00 00:00:27.175	0.0278	-0.0063	1.0000	0.0000	0.0000	0.0000	-0.3680	-1.6205	-162.0428	30.23	-220	-633	-660	0	0	0	0	0	0.00	0.00000000	0.00000000	0.0	0.0	0.000	0.15598	-0.01450	0.00098	-0.98761	0	0.00	0.00	0.00
0x50	 17:36:37.846	 2000-00-00 00:00:27.200	0.0259	-0.0093	0.9995	0.0000	0.0000	0.0000	-0.3680	-1.6205	-162.0428	30.11	-221	-634	-662	0	0	0	0	0	0.00	0.00000000	0.00000000	0.0	0.0	0.000	0.15598	-0.01447	0.00098	-0.98761	0	0.00	0.00	0.00
0x50	 17:36:37.846	 2000-00-00 00:00:27.220	0.0278	-0.0049	1.0010	0.0000	0.0000	0.0000	-0.3680	-1.6205	-162.0428	30.23	-221	-635	-663	0	0	0	0	0	0.00	0.00000000	0.00000000	0.0	0.0	0.000	0.15598	-0.01447	0.00098	-0.98761	0	0.00	0.00	0.00
0x50	 17:36:37.863	 2000-00-00 00:00:27.240	0.0273	-0.0068	0.9995	0.0000	0.0000	0.0000	-0.3680	-1.6205	-162.0428	30.11	-222	-638	-657	0	0	0	0	0	0.00	0.00000000	0.00000000	0.0	0.0	0.000	0.15598	-0.01447	0.00098	-0.98761	0	0.00	0.00	0.00
0x50	 17:36:37.884	 2000-00-00 00:00:27.260	0.0283	-0.0078	0.9976	0.0000	0.0000	0.0000	-0.3680	-1.6205	-162.0428	30.23	-222	-637	-658	0	0	0	0	0	0.00	0.00000000	0.00000000	0.0	0.0	0.000	0.15598	-0.01447	0.00098	-0.98761	0	0.00	0.00	0.00
0x50	 17:36:37.953	 2000-00-00 00:00:27.285	0.0273	-0.0073	0.9990	0.0000	0.0000	0.0000	-0.3680	-1.6205	-162.0428	30.11	-223	-635	-657	0	0	0	0	0	0.00	0.00000000	0.00000000	0.0	0.0	0.000	0.15598	-0.01447	0.00098	-0.98761	0	0.00	0.00	0.00
0x50	 17:36:37.953	 2000-00-00 00:00:27.305	0.0293	-0.0054	1.0015	0.0000	0.0000	0.0000	-0.3680	-1.6205	-162.0428	30.23	-222	-635	-658	0	0	0	0	0	0.00	0.00000000	0.00000000	0.0	0.0	0.000	0.15598	-0.01447	0.00098	-0.98761	0	0.00	0.00	0.00
0x50	 17:36:37.954	 2000-00-00 00:00:27.325	0.0283	-0.0054	0.9985	0.0000	0.0000	0.0000	-0.3680	-1.6205	-162.0428	30.04	-221	-634	-658	0	0	0	0	0	0.00	0.00000000	0.00000000	0.0	0.0	0.000	0.15598	-0.01447	0.00098	-0.98761	0	0.00	0.00	0.00
0x50	 17:36:37.968	 2000-00-00 00:00:27.345	0.0288	-0.0078	1.0024	0.0000	0.0000	0.0000	-0.3680	-1.6205	-162.0428	30.04	-220	-634	-659	0	0	0	0	0	0.00	0.00000000	0.00000000	0.0	0.0	0.000	0.15598	-0.01447	0.00098	-0.98761	0	0.00	0.00	0.00
0x50	 17:36:37.989	 2000-00-00 00:00:27.365	0.0273	-0.0039	0.9990	0.0000	0.0000	0.0000	-0.3680	-1.6205	-162.0428	30.42	-221	-636	-661	0	0	0	0	0	0.00	0.00000000	0.00000000	0.0	0.0	0.000	0.15598	-0.01447	0.00098	-0.98761	0	0.00	0.00	0.00
0x50	 17:36:38.058	 2000-00-00 00:00:27.390	0.0288	-0.0054	1.0000	0.0000	0.0000	0.0000	-0.3680	-1.6205	-162.0428	30.11	-221	-636	-663	0	0	0	0	0	0.00	0.00000000	0.00000000	0.0	0.0	0.000	0.15598	-0.01447	0.00098	-0.98761	0	0.00	0.00	0.00
0x50	 17:36:38.058	 2000-00-00 00:00:27.410	0.0293	-0.0063	1.0020	0.0000	0.0000	0.0000	-0.3680	-1.6205	-162.0428	30.55	-222	-638	-660	0	0	0	0	0	0.00	0.00000000	0.00000000	0.0	0.0	0.000	0.15598	-0.01447	0.00098	-0.98761	0	0.00	0.00	0.00
0x50	 17:36:38.058	 2000-00-00 00:00:27.430	0.0283	-0.0054	1.0005	0.0000	0.0000	0.0000	-0.3680	-1.6205	-162.0428	30.11	-221	-639	-657	0	0	0	0	0	0.00	0.00000000	0.00000000	0.0	0.0	0.000	0.15598	-0.01447	0.00098	-0.98761	0	0.00	0.00	0.00
0x50	 17:36:38.073	 2000-00-00 00:00:27.450	0.0259	-0.0083	1.0015	0.0000	0.0000	0.0000	-0.3680	-1.6205	-162.0428	30.42	-222	-638	-658	0	0	0	0	0	0.00	0.00000000	0.00000000	0.0	0.0	0.000	0.15598	-0.01450	0.00098	-0.98761	0	0.00	0.00	0.00
0x50	 17:36:38.094	 2000-00-00 00:00:27.470	0.0293	-0.0059	1.0000	0.0000	0.0000	0.0000	-0.3680	-1.6205	-162.0428	30.23	-222	-637	-659	0	0	0	0	0	0.00	0.00000000	0.00000000	0.0	0.0	0.000	0.15598	-0.01447	0.00098	-0.98761	0	0.00	0.00	0.00
0x50	 17:36:38.163	 2000-00-00 00:00:27.495	0.0273	-0.0039	0.9976	0.0000	0.0000	0.0000	-0.3680	-1.6205	-162.0428	30.17	-222	-635	-659	0	0	0	0	0	0.00	0.00000000	0.00000000	0.0	0.0	0.000	0.15598	-0.01447	0.00098	-0.98761	0	0.00	0.00	0.00
0x50	 17:36:38.163	 2000-00-00 00:00:27.515	0.0293	-0.0068	0.9995	0.0000	0.0000	0.0000	-0.3680	-1.6205	-162.0428	30.17	-222	-635	-659	0	0	0	0	0	0.00	0.00000000	0.00000000	0.0	0.0	0.000	0.15598	-0.01447	0.00098	-0.98761	0	0.00	0.00	0.00
0x50	 17:36:38.163	 2000-00-00 00:00:27.535	0.0278	-0.0088	1.0000	0.0000	0.0000	0.0000	-0.3680	-1.6205	-162.0428	30.23	-221	-635	-659	0	0	0	0	0	0.00	0.00000000	0.00000000	0.0	0.0	0.000	0.15598	-0.01447	0.00098	-0.98761	0	0.00	0.00	0.00
0x50	 17:36:38.178	 2000-00-00 00:00:27.555	0.0269	-0.0088	1.0010	0.0000	0.0000	0.0000	-0.3680	-1.6205	-162.0428	30.23	-220	-634	-660	0	0	0	0	0	0.00	0.00000000	0.00000000	0.0	0.0	0.000	0.15598	-0.01447	0.00098	-0.98761	0	0.00	0.00	0.00
0x50	 17:36:38.199	 2000-00-00 00:00:27.580	0.0259	-0.0083	0.9976	0.0000	0.0000	0.0000	-0.3680	-1.6205	-162.0428	30.11	-220	-635	-662	0	0	0	0	0	0.00	0.00000000	0.00000000	0.0	0.0	0.000	0.15598	-0.01447	0.00098	-0.98761	0	0.00	0.00	0.00
0x50	 17:36:38.267	 2000-00-00 00:00:27.600	0.0278	-0.0088	0.9990	0.0000	0.0000	0.0000	-0.3680	-1.6205	-162.0428	30.17	-221	-637	-662	0	0	0	0	0	0.00	0.00000000	0.00000000	0.0	0.0	0.000	0.15598	-0.01447	0.00098	-0.98761	0	0.00	0.00	0.00
0x50	 17:36:38.268	 2000-00-00 00:00:27.620	0.0273	-0.0039	0.9980	0.0000	0.0000	0.0000	-0.3680	-1.6205	-162.0428	30.11	-221	-638	-658	0	0	0	0	0	0.00	0.00000000	0.00000000	0.0	0.0	0.000	0.15598	-0.01447	0.00098	-0.98761	0	0.00	0.00	0.00
0x50	 17:36:38.268	 2000-00-00 00:00:27.640	0.0283	-0.0039	1.0005	0.0000	0.0000	0.0000	-0.3680	-1.6205	-162.0428	30.17	-222	-639	-657	0	0	0	0	0	0.00	0.00000000	0.00000000	0.0	0.0	0.000	0.15598	-0.01447	0.00098	-0.98761	0	0.00	0.00	0.00
0x50	 17:36:38.283	 2000-00-00 00:00:27.660	0.0288	-0.0059	0.9995	0.0000	0.0000	0.0000	-0.3680	-1.6205	-162.0428	30.04	-222	-637	-658	0	0	0	0	0	0.00	0.00000000	0.00000000	0.0	0.0	0.000	0.15598	-0.01447	0.00098	-0.98761	0	0.00	0.00	0.00
0x50	 17:36:38.304	 2000-00-00 00:00:27.685	0.0278	-0.0068	1.0010	0.0000	0.0000	0.0000	-0.3680	-1.6205	-162.0428	30.17	-221	-636	-658	0	0	0	0	0	0.00	0.00000000	0.00000000	0.0	0.0	0.000	0.15598	-0.01447	0.00098	-0.98761	0	0.00	0.00	0.00
0x50	 17:36:38.372	 2000-00-00 00:00:27.705	0.0293	-0.0083	0.9990	0.0000	0.0000	0.0000	-0.3680	-1.6205	-162.0428	30.23	-221	-635	-661	0	0	0	0	0	0.00	0.00000000	0.00000000	0.0	0.0	0.000	0.15598	-0.01447	0.00098	-0.98761	0	0.00	0.00	0.00
0x50	 17:36:38.372	 2000-00-00 00:00:27.725	0.0283	-0.0059	1.0005	0.0000	0.0000	0.0000	-0.3680	-1.6205	-162.0428	30.04	-220	-635	-661	0	0	0	0	0	0.00	0.00000000	0.00000000	0.0	0.0	0.000	0.15598	-0.01447	0.00098	-0.98761	0	0.00	0.00	0.00
0x50	 17:36:38.372	 2000-00-00 00:00:27.745	0.0278	-0.0054	1.0005	0.0000	0.0000	0.0000	-0.3680	-1.6205	-162.0428	30.17	-220	-635	-661	0	0	0	0	0	0.00	0.00000000	0.00000000	0.0	0.0	0.000	0.15598	-0.01447	0.00098	-0.98761	0	0.00	0.00	0.00
0x50	 17:36:38.388	 2000-00-00 00:00:27.765	0.0288	-0.0088	1.0005	0.0000	0.0000	0.0000	-0.3680	-1.6205	-162.0428	30.29	-221	-636	-662	0	0	0	0	0	0.00	0.00000000	0.00000000	0.0	0.0	0.000	0.15598	-0.01447	0.00098	-0.98761	0	0.00	0.00	0.00
0x50	 17:36:38.409	 2000-00-00 00:00:27.790	0.0288	-0.0068	0.9980	0.0000	0.0000	0.0000	-0.3680	-1.6205	-162.0428	30.48	-221	-637	-662	0	0	0	0	0	0.00	0.00000000	0.00000000	0.0	0.0	0.000	0.15598	-0.01447	0.00101	-0.98761	0	0.00	0.00	0.00
0x50	 17:36:38.477	 2000-00-00 00:00:27.810	0.0293	-0.0054	0.9985	0.0000	0.0000	0.0000	-0.3680	-1.6205	-162.0428	29.47	-220	-637	-659	0	0	0	0	0	0.00	0.00000000	0.00000000	0.0	0.0	0.000	0.15598	-0.01447	0.00101	-0.98761	0	0.00	0.00	0.00
0x50	 17:36:38.477	 2000-00-00 00:00:27.830	0.0288	-0.0054	1.0000	0.0000	0.0000	0.0000	-0.3680	-1.6205	-162.0428	30.04	-221	-639	-656	0	0	0	0	0	0.00	0.00000000	0.00000000	0.0	0.0	0.000	0.15598	-0.01447	0.00101	-0.98761	0	0.00	0.00	0.00
0x50	 17:36:38.477	 2000-00-00 00:00:27.850	0.0259	-0.0063	1.0015	0.0000	0.0000	0.0000	-0.3680	-1.6205	-162.0428	30.17	-220	-638	-657	0	0	0	0	0	0.00	0.00000000	0.00000000	0.0	0.0	0.000	0.15598	-0.01447	0.00101	-0.98761	0	0.00	0.00	0.00
0x50	 17:36:38.493	 2000-00-00 00:00:27.875	0.0288	-0.0083	0.9971	0.0000	0.0000	0.0000	-0.3680	-1.6205	-162.0428	30.17	-221	-636	-658	0	0	0	0	0	0.00	0.00000000	0.00000000	0.0	0.0	0.000	0.15598	-0.01447	0.00101	-0.98761	0	0.00	0.00	0.00
0x50	 17:36:38.514	 2000-00-00 00:00:27.895	0.0278	-0.0068	1.0024	0.0000	0.0000	0.0000	-0.3680	-1.6205	-162.0428	30.17	-221	-635	-660	0	0	0	0	0	0.00	0.00000000	0.00000000	0.0	0.0	0.000	0.15598	-0.01447	0.00101	-0.98761	0	0.00	0.00	0.00
0x50	 17:36:38.604	 2000-00-00 00:00:27.915	0.0278	-0.0049	0.9995	0.0000	0.0000	0.0000	-0.3680	-1.6205	-162.0428	30.11	-220	-635	-660	0	0	0	0	0	0.00	0.00000000	0.00000000	0.0	0.0	0.000	0.15598	-0.01447	0.00101	-0.98761	0	0.00	0.00	0.00
0x50	 17:36:38.604	 2000-00-00 00:00:27.935	0.0278	-0.0068	1.0015	0.0000	0.0000	0.0000	-0.3680	-1.6205	-162.0428	30.29	-219	-635	-660	0	0	0	0	0	0.00	0.00000000	0.00000000	0.0	0.0	0.000	0.15598	-0.01447	0.00101	-0.98761	0	0.00	0.00	0.00
0x50	 17:36:38.604	 2000-00-00 00:00:27.955	0.0278	-0.0063	0.9971	0.0000	0.0000	0.0000	-0.3680	-1.6205	-162.0428	30.23	-220	-636	-662	0	0	0	0	0	0.00	0.00000000	0.00000000	0.0	0.0	0.000	0.15598	-0.01447	0.00101	-0.98761	0	0.00	0.00	0.00
0x50	 17:36:38.604	 2000-00-00 00:00:27.980	0.0288	-0.0063	1.0015	0.0000	0.0000	0.0000	-0.3735	-1.6205	-162.0428	30.29	-221	-637	-663	0	0	0	0	0	0.00	0.00000000	0.00000000	0.0	0.0	0.000	0.15598	-0.01447	0.00101	-0.98761	0	0.00	0.00	0.00
0x50	 17:36:38.619	 2000-00-00 00:00:28.000	0.0273	-0.0063	0.9990	0.0000	0.0000	0.0000	-0.3735	-1.6205	-162.0428	30.23	-221	-639	-660	0	0	0	0	0	0.00	0.00000000	0.00000000	0.0	0.0	0.000	0.15598	-0.01447	0.00101	-0.98761	0	0.00	0.00	0.00
0x50	 17:36:38.640	 2000-00-00 00:00:28.020	0.0259	-0.0059	0.9985	0.0000	0.0000	0.0000	-0.3735	-1.6205	-162.0428	30.04	-222	-639	-657	0	0	0	0	0	0.00	0.00000000	0.00000000	0.0	0.0	0.000	0.15598	-0.01447	0.00101	-0.98761	0	0.00	0.00	0.00
0x50	 17:36:38.709	 2000-00-00 00:00:28.040	0.0278	-0.0063	1.0005	0.0000	0.0000	0.0000	-0.3735	-1.6205	-162.0428	30.17	-222	-637	-657	0	0	0	0	0	0.00	0.00000000	0.00000000	0.0	0.0	0.000	0.15598	-0.01447	0.00101	-0.98761	0	0.00	0.00	0.00
0x50	 17:36:38.709	 2000-00-00 00:00:28.060	0.0273	-0.0073	0.9976	0.0000	0.0000	0.0000	-0.3735	-1.6205	-162.0428	30.29	-222	-636	-658	0	0	0	0	0	0.00	0.00000000	0.00000000	0.0	0.0	0.000	0.15598	-0.01447	0.00101	-0.98761	0	0.00	0.00	0.00
0x50	 17:36:38.709	 2000-00-00 00:00:28.085	0.0308	-0.0034	0.9985	0.0000	0.0000	0.0000	-0.3735	-1.6205	-162.0428	30.23	-222	-635	-658	0	0	0	0	0	0.00	0.00000000	0.00000000	0.0	0.0	0.000	0.15598	-0.01450	0.00101	-0.98761	0	0.00	0.00	0.00
0x50	 17:36:38.724	 2000-00-00 00:00:28.105	0.0293	-0.0059	0.9995	0.0000	0.0000	0.0000	-0.3735	-1.6205	-162.0428	30.29	-226	-637	-662	0	0	0	0	0	0.00	0.00000000	0.00000000	0.0	0.0	0.000	0.15598	-0.01450	0.00101	-0.98761	0	0.00	0.00	0.00
0x50	 17:36:38.745	 2000-00-00 00:00:28.125	0.0278	-0.0078	0.9985	0.0000	0.0000	0.0000	-0.3735	-1.6205	-162.0428	30.11	-221	-634	-659	0	0	0	0	0	0.00	0.00000000	0.00000000	0.0	0.0	0.000	0.15598	-0.01450	0.00101	-0.98761	0	0.00	0.00	0.00
0x50	 17:36:38.837	 2000-00-00 00:00:28.145	0.0278	-0.0068	1.0005	0.0000	0.0000	0.0000	-0.3735	-1.6205	-162.0428	30.29	-220	-634	-660	0	0	0	0	0	0.00	0.00000000	0.00000000	0.0	0.0	0.000	0.15598	-0.01450	0.00101	-0.98761	0	0.00	0.00	0.00
0x50	 17:36:38.838	 2000-00-00 00:00:28.170	0.0283	-0.0049	1.0005	0.0000	0.0000	0.0000	-0.3735	-1.6205	-162.0428	30.23	-221	-636	-662	0	0	0	0	0	0.00	0.00000000	0.00000000	0.0	0.0	0.000	0.15598	-0.01450	0.00101	-0.98761	0	0.00	0.00	0.00
0x50	 17:36:38.838	 2000-00-00 00:00:28.190	0.0259	-0.0059	1.0010	0.0000	0.0000	0.0000	-0.3735	-1.6205	-162.0428	30.23	-221	-637	-661	0	0	0	0	0	0.00	0.00000000	0.00000000	0.0	0.0	0.000	0.15598	-0.01450	0.00101	-0.98761	0	0.00	0.00	0.00
0x50	 17:36:38.838	 2000-00-00 00:00:28.210	0.0288	-0.0063	0.9995	0.0000	0.0000	0.0000	-0.3680	-1.6205	-162.0428	30.17	-221	-639	-657	0	0	0	0	0	0.00	0.00000000	0.00000000	0.0	0.0	0.000	0.15598	-0.01450	0.00101	-0.98761	0	0.00	0.00	0.00
0x50	 17:36:38.850	 2000-00-00 00:00:28.230	0.0288	-0.0049	1.0020	0.0000	0.0000	0.0000	-0.3680	-1.6205	-162.0428	29.92	-222	-640	-655	0	0	0	0	0	0.00	0.00000000	0.00000000	0.0	0.0	0.000	0.15598	-0.01447	0.00098	-0.98761	0	0.00	0.00	0.00
0x50	 17:36:38.870	 2000-00-00 00:00:28.250	0.0298	-0.0063	0.9995	0.0000	0.0000	0.0000	-0.3680	-1.6205	-162.0428	30.17	-222	-639	-656	0	0	0	0	0	0.00	0.00000000	0.00000000	0.0	0.0	0.000	0.15598	-0.01447	0.00098	-0.98761	0	0.00	0.00	0.00
0x50	 17:36:38.944	 2000-00-00 00:00:28.275	0.0273	-0.0059	0.9976	0.0000	0.0000	0.0000	-0.3680	-1.6205	-162.0428	30.23	-221	-637	-658	0	0	0	0	0	0.00	0.00000000	0.00000000	0.0	0.0	0.000	0.15598	-0.01450	0.00098	-0.98761	0	0.00	0.00	0.00
0x50	 17:36:38.944	 2000-00-00 00:00:28.295	0.0283	-0.0063	0.9995	0.0000	0.0000	0.0000	-0.3680	-1.6205	-162.0428	30.29	-221	-636	-658	0	0	0	0	0	0.00	0.00000000	0.00000000	0.0	0.0	0.000	0.15598	-0.01450	0.00098	-0.98761	0	0.00	0.00	0.00
0x50	 17:36:38.944	 2000-00-00 00:00:28.315	0.0283	-0.0049	1.0000	0.0000	0.0000	0.0000	-0.3680	-1.6205	-162.0428	30.17	-221	-635	-659	0	0	0	0	0	0.00	0.00000000	0.00000000	0.0	0.0	0.000	0.15598	-0.01450	0.00098	-0.98761	0	0.00	0.00	0.00
0x50	 17:36:38.954	 2000-00-00 00:00:28.335	0.0283	-0.0073	0.9971	0.0000	0.0000	0.0000	-0.3680	-1.6205	-162.0428	30.23	-220	-635	-660	0	0	0	0	0	0.00	0.00000000	0.00000000	0.0	0.0	0.000	0.15598	-0.01450	0.00098	-0.98761	0	0.00	0.00	0.00
0x50	 17:36:38.976	 2000-00-00 00:00:28.355	0.0288	-0.0049	0.9995	0.0000	0.0000	0.0000	-0.3680	-1.6205	-162.0428	29.92	-220	-636	-661	0	0	0	0	0	0.00	0.00000000	0.00000000	0.0	0.0	0.000	0.15598	-0.01450	0.00098	-0.98761	0	0.00	0.00	0.00
0x50	 17:36:39.046	 2000-00-00 00:00:28.380	0.0283	-0.0059	1.0000	0.0000	0.0000	0.0000	-0.3680	-1.6205	-162.0428	30.04	-221	-637	-662	0	0	0	0	0	0.00	0.00000000	0.00000000	0.0	0.0	0.000	0.15598	-0.01450	0.00098	-0.98761	0	0.00	0.00	0.00
0x50	 17:36:39.046	 2000-00-00 00:00:28.400	0.0283	-0.0063	0.9976	0.0000	0.0000	0.0000	-0.3680	-1.6205	-162.0428	30.17	-218	-636	-660	0	0	0	0	0	0.00	0.00000000	0.00000000	0.0	0.0	0.000	0.15598	-0.01450	0.00098	-0.98761	0	0.00	0.00	0.00
0x50	 17:36:39.046	 2000-00-00 00:00:28.420	0.0278	-0.0083	0.9985	0.0000	0.0000	0.0000	-0.3680	-1.6205	-162.0428	30.17	-221	-638	-656	0	0	0	0	0	0.00	0.00000000	0.00000000	0.0	0.0	0.000	0.15598	-0.01450	0.00098	-0.98761	0	0.00	0.00	0.00
0x50	 17:36:39.060	 2000-00-00 00:00:28.440	0.0283	-0.0073	0.9995	0.0000	0.0000	0.0000	-0.3680	-1.6205	-162.0428	30.29	-221	-637	-655	0	0	0	0	0	0.00	0.00000000	0.00000000	0.0	0.0	0.000	0.15598	-0.01450	0.00098	-0.98761	0	0.00	0.00	0.00
0x50	 17:36:39.080	 2000-00-00 00:00:28.465	0.0283	-0.0063	0.9995	0.0000	0.0000	0.0000	-0.3680	-1.6205	-162.0428	30.11	-222	-635	-657	0	0	0	0	0	0.00	0.00000000	0.00000000	0.0	0.0	0.000	0.15598	-0.01450	0.00098	-0.98761	0	0.00	0.00	0.00
0x50	 17:36:39.172	 2000-00-00 00:00:28.485	0.0293	-0.0059	1.0000	0.0000	0.0000	0.0000	-0.3680	-1.6205	-162.0428	30.17	-222	-635	-658	0	0	0	0	0	0.00	0.00000000	0.00000000	0.0	0.0	0.000	0.15598	-0.01450	0.00098	-0.98761	0	0.00	0.00	0.00
0x50	 17:36:39.172	 2000-00-00 00:00:28.505	0.0283	-0.0059	1.0000	0.0000	0.0000	0.0000	-0.3680	-1.6205	-162.0428	30.11	-221	-635	-659	0	0	0	0	0	0.00	0.00000000	0.00000000	0.0	0.0	0.000	0.15598	-0.01450	0.00098	-0.98761	0	0.00	0.00	0.00
0x50	 17:36:39.172	 2000-00-00 00:00:28.525	0.0278	-0.0063	1.0010	0.0000	0.0000	0.0000	-0.3680	-1.6205	-162.0428	30.29	-220	-635	-659	0	0	0	0	0	0.00	0.00000000	0.00000000	0.0	0.0	0.000	0.15598	-0.01450	0.00098	-0.98761	0	0.00	0.00	0.00
0x50	 17:36:39.173	 2000-00-00 00:00:28.545	0.0273	-0.0088	1.0020	0.0000	0.0000	0.0000	-0.3735	-1.6205	-162.0428	30.42	-221	-635	-660	0	0	0	0	0	0.00	0.00000000	0.00000000	0.0	0.0	0.000	0.15598	-0.01450	0.00101	-0.98761	0	0.00	0.00	0.00
0x50	 17:36:39.186	 2000-00-00 00:00:28.565	0.0264	-0.0039	0.9995	0.0000	0.0000	0.0000	-0.3735	-1.6205	-162.0428	30.17	-221	-636	-662	0	0	0	0	0	0.00	0.00000000	0.00000000	0.0	0.0	0.000	0.15598	-0.01450	0.00101	-0.98761	0	0.00	0.00	0.00
0x50	 17:36:39.206	 2000-00-00 00:00:28.590	0.0293	-0.0083	0.9971	0.0000	0.0000	0.0000	-0.3735	-1.6205	-162.0428	30.17	-221	-637	-660	0	0	0	0	0	0.00	0.00000000	0.00000000	0.0	0.0	0.000	0.15598	-0.01450	0.00101	-0.98761	0	0.00	0.00	0.00
0x50	 17:36:39.295	 2000-00-00 00:00:28.610	0.0278	-0.0078	0.9995	0.0000	0.0000	0.0000	-0.3735	-1.6205	-162.0428	30.17	-222	-638	-657	0	0	0	0	0	0.00	0.00000000	0.00000000	0.0	0.0	0.000	0.15598	-0.01450	0.00101	-0.98761	0	0.00	0.00	0.00
0x50	 17:36:39.295	 2000-00-00 00:00:28.630	0.0298	-0.0054	1.0005	0.0000	0.0000	0.0000	-0.3735	-1.6205	-162.0428	30.17	-222	-638	-657	0	0	0	0	0	0.00	0.00000000	0.00000000	0.0	0.0	0.000	0.15598	-0.01450	0.00101	-0.98761	0	0.00	0.00	0.00
0x50	 17:36:39.295	 2000-00-00 00:00:28.655	0.0278	-0.0039	1.0005	0.0000	0.0000	0.0000	-0.3735	-1.6205	-162.0428	30.11	-222	-637	-657	0	0	0	0	0	0.00	0.00000000	0.00000000	0.0	0.0	0.000	0.15598	-0.01450	0.00101	-0.98761	0	0.00	0.00	0.00
0x50	 17:36:39.295	 2000-00-00 00:00:28.675	0.0298	-0.0063	1.0020	0.0000	0.0000	0.0000	-0.3735	-1.6205	-162.0428	30.23	-222	-636	-658	0	0	0	0	0	0.00	0.00000000	0.00000000	0.0	0.0	0.000	0.15598	-0.01450	0.00101	-0.98761	0	0.00	0.00	0.00
0x50	 17:36:39.313	 2000-00-00 00:00:28.695	0.0288	-0.0068	0.9971	0.0000	0.0000	0.0000	-0.3735	-1.6205	-162.0428	30.11	-221	-635	-659	0	0	0	0	0	0.00	0.00000000	0.00000000	0.0	0.0	0.000	0.15598	-0.01450	0.00101	-0.98761	0	0.00	0.00	0.00
0x50	 17:36:39.334	 2000-00-00 00:00:28.715	0.0283	-0.0063	0.9995	0.0000	0.0000	0.0000	-0.3735	-1.6205	-162.0428	30.04	-221	-635	-660	0	0	0	0	0	0.00	0.00000000	0.00000000	0.0	0.0	0.000	0.15598	-0.01450	0.00101	-0.98761	0	0.00	0.00	0.00
0x50	 17:36:39.402	 2000-00-00 00:00:28.740	0.0278	-0.0078	0.9990	0.0000	0.0000	0.0000	-0.3735	-1.6205	-162.0428	30.48	-222	-635	-662	0	0	0	0	0	0.00	0.00000000	0.00000000	0.0	0.0	0.000	0.15598	-0.01450	0.00101	-0.98761	0	0.00	0.00	0.00
0x50	 17:36:39.402	 2000-00-00 00:00:28.760	0.0278	-0.0049	1.0000	0.0000	0.0000	0.0000	-0.3680	-1.6205	-162.0428	30.42	-222	-637	-662	0	0	0	0	0	0.00	0.00000000	0.00000000	0.0	0.0	0.000	0.15598	-0.01450	0.00101	-0.98761	0	0.00	0.00	0.00
0x50	 17:36:39.402	 2000-00-00 00:00:28.780	0.0264	-0.0049	1.0005	0.0000	0.0000	0.0000	-0.3680	-1.6205	-162.0428	30.17	-222	-639	-659	0	0	0	0	0	0.00	0.00000000	0.00000000	0.0	0.0	0.000	0.15598	-0.01450	0.00098	-0.98761	0	0.00	0.00	0.00
0x50	 17:36:39.417	 2000-00-00 00:00:28.800	0.0283	-0.0049	1.0000	0.0000	0.0000	0.0000	-0.3680	-1.6205	-162.0428	30.04	-222	-638	-657	0	0	0	0	0	0.00	0.00000000	0.00000000	0.0	0.0	0.000	0.15598	-0.01450	0.00098	-0.98761	0	0.00	0.00	0.00
0x50	 17:36:39.438	 2000-00-00 00:00:28.820	0.0278	-0.0054	0.9976	0.0000	0.0000	0.0000	-0.3680	-1.6205	-162.0428	30.17	-222	-637	-656	0	0	0	0	0	0.00	0.00000000	0.00000000	0.0	0.0	0.000	0.15598	-0.01450	0.00098	-0.98761	0	0.00	0.00	0.00
0x50	 17:36:39.506	 2000-00-00 00:00:28.840	0.0273	-0.0049	0.9995	0.0000	0.0000	0.0000	-0.3680	-1.6205	-162.0428	30.23	-222	-636	-657	0	0	0	0	0	0.00	0.00000000	0.00000000	0.0	0.0	0.000	0.15598	-0.01450	0.00098	-0.98761	0	0.00	0.00	0.00
0x50	 17:36:39.506	 2000-00-00 00:00:28.860	0.0288	-0.0054	0.9995	0.0000	0.0000	0.0000	-0.3680	-1.6205	-162.0428	30.48	-222	-635	-657	0	0	0	0	0	0.00	0.00000000	0.00000000	0.0	0.0	0.000	0.15598	-0.01450	0.00098	-0.98761	0	0.00	0.00	0.00
0x50	 17:36:39.506	 2000-00-00 00:00:28.885	0.0283	-0.0063	1.0010	0.0000	0.0000	0.0000	-0.3680	-1.6205	-162.0428	29.98	-222	-635	-659	0	0	0	0	0	0.00	0.00000000	0.00000000	0.0	0.0	0.000	0.15598	-0.01450	0.00098	-0.98761	0	0.00	0.00	0.00
0x50	 17:36:39.521	 2000-00-00 00:00:28.905	0.0273	-0.0083	1.0000	0.0000	0.0000	0.0000	-0.3680	-1.6205	-162.0428	30.29	-221	-634	-661	0	0	0	0	0	0.00	0.00000000	0.00000000	0.0	0.0	0.000	0.15598	-0.01450	0.00098	-0.98761	0	0.00	0.00	0.00
0x50	 17:36:39.542	 2000-00-00 00:00:28.925	0.0283	-0.0063	0.9985	0.0000	0.0000	0.0000	-0.3680	-1.6205	-162.0428	30.11	-221	-634	-660	0	0	0	0	0	0.00	0.00000000	0.00000000	0.0	0.0	0.000	0.15598	-0.01450	0.00098	-0.98761	0	0.00	0.00	0.00
0x50	 17:36:39.615	 2000-00-00 00:00:28.945	0.0288	-0.0063	0.9990	0.0000	0.0000	0.0000	-0.3680	-1.6205	-162.0428	30.17	-221	-634	-661	0	0	0	0	0	0.00	0.00000000	0.00000000	0.0	0.0	0.000	0.15598	-0.01450	0.00098	-0.98761	0	0.00	0.00	0.00
0x50	 17:36:39.615	 2000-00-00 00:00:28.965	0.0283	-0.0068	1.0015	0.0000	0.0000	0.0000	-0.3680	-1.6205	-162.0428	30.17	-221	-635	-664	0	0	0	0	0	0.00	0.00000000	0.00000000	0.0	0.0	0.000	0.15598	-0.01450	0.00098	-0.98761	0	0.00	0.00	0.00
0x50	 17:36:39.615	 2000-00-00 00:00:28.990	0.0288	-0.0039	0.9990	0.0000	0.0000	0.0000	-0.3680	-1.6205	-162.0428	30.04	-221	-636	-662	0	0	0	0	0	0.00	0.00000000	0.00000000	0.0	0.0	0.000	0.15598	-0.01450	0.00098	-0.98761	0	0.00	0.00	0.00
0x50	 17:36:39.624	 2000-00-00 00:00:29.010	0.0303	-0.0049	0.9990	0.0000	0.0000	0.0000	-0.3680	-1.6205	-162.0428	30.23	-221	-637	-658	0	0	0	0	0	0.00	0.00000000	0.00000000	0.0	0.0	0.000	0.15598	-0.01450	0.00098	-0.98761	0	0.00	0.00	0.00
0x50	 17:36:39.646	 2000-00-00 00:00:29.030	0.0259	-0.0078	0.9995	0.0000	0.0000	0.0000	-0.3680	-1.6205	-162.0428	30.42	-222	-640	-656	0	0	0	0	0	0.00	0.00000000	0.00000000	0.0	0.0	0.000	0.15598	-0.01450	0.00098	-0.98761	0	0.00	0.00	0.00
0x50	 17:36:39.734	 2000-00-00 00:00:29.050	0.0298	-0.0063	1.0005	0.0000	0.0000	0.0000	-0.3680	-1.6205	-162.0428	30.04	-222	-639	-656	0	0	0	0	0	0.00	0.00000000	0.00000000	0.0	0.0	0.000	0.15598	-0.01450	0.00098	-0.98761	0	0.00	0.00	0.00
0x50	 17:36:39.734	 2000-00-00 00:00:29.070	0.0264	-0.0063	1.0015	0.0000	0.0000	0.0000	-0.3680	-1.6205	-162.0428	30.17	-222	-639	-656	0	0	0	0	0	0.00	0.00000000	0.00000000	0.0	0.0	0.000	0.15598	-0.01450	0.00098	-0.98761	0	0.00	0.00	0.00
0x50	 17:36:39.734	 2000-00-00 00:00:29.095	0.0273	-0.0063	0.9980	0.0000	0.0000	0.0000	-0.3680	-1.6205	-162.0428	30.17	-222	-637	-658	0	0	0	0	0	0.00	0.00000000	0.00000000	0.0	0.0	0.000	0.15598	-0.01450	0.00098	-0.98761	0	0.00	0.00	0.00
0x50	 17:36:39.735	 2000-00-00 00:00:29.115	0.0264	-0.0049	1.0000	0.0000	0.0000	0.0000	-0.3680	-1.6205	-162.0428	30.17	-222	-635	-659	0	0	0	0	0	0.00	0.00000000	0.00000000	0.0	0.0	0.000	0.15598	-0.01450	0.00098	-0.98761	0	0.00	0.00	0.00
0x50	 17:36:39.751	 2000-00-00 00:00:29.135	0.0264	-0.0063	0.9990	0.0000	0.0000	0.0000	-0.3680	-1.6205	-162.0428	30.04	-221	-634	-660	0	0	0	0	0	0.00	0.00000000	0.00000000	0.0	0.0	0.000	0.15598	-0.01447	0.00098	-0.98761	0	0.00	0.00	0.00
0x50	 17:36:39.773	 2000-00-00 00:00:29.155	0.0303	-0.0068	0.9980	0.0000	0.0000	0.0000	-0.3680	-1.6205	-162.0428	30.23	-221	-635	-662	0	0	0	0	0	0.00	0.00000000	0.00000000	0.0	0.0	0.000	0.15598	-0.01447	0.00098	-0.98761	0	0.00	0.00	0.00
0x50	 17:36:39.836	 2000-00-00 00:00:29.180	0.0278	-0.0083	1.0005	0.0000	0.0000	0.0000	-0.3680	-1.6205	-162.0428	30.11	-221	-636	-664	0	0	0	0	0	0.00	0.00000000	0.00000000	0.0	0.0	0.000	0.15598	-0.01447	0.00098	-0.98761	0	0.00	0.00	0.00
0x50	 17:36:39.836	 2000-00-00 00:00:29.200	0.0278	-0.0059	0.9966	0.0000	0.0000	0.0000	-0.3680	-1.6205	-162.0428	30.23	-222	-637	-663	0	0	0	0	0	0.00	0.00000000	0.00000000	0.0	0.0	0.000	0.15598	-0.01447	0.00098	-0.98761	0	0.00	0.00	0.00
0x50	 17:36:39.836	 2000-00-00 00:00:29.220	0.0288	-0.0063	1.0015	0.0000	0.0000	0.0000	-0.3680	-1.6205	-162.0428	30.29	-222	-638	-658	0	0	0	0	0	0.00	0.00000000	0.00000000	0.0	0.0	0.000	0.15598	-0.01447	0.00098	-0.98761	0	0.00	0.00	0.00
0x50	 17:36:39.857	 2000-00-00 00:00:29.240	0.0298	-0.0073	0.9990	0.0000	0.0000	0.0000	-0.3680	-1.6205	-162.0428	30.29	-222	-637	-658	0	0	0	0	0	0.00	0.00000000	0.00000000	0.0	0.0	0.000	0.15598	-0.01447	0.00098	-0.98761	0	0.00	0.00	0.00
0x50	 17:36:39.878	 2000-00-00 00:00:29.260	0.0298	-0.0049	1.0020	0.0000	0.0000	0.0000	-0.3680	-1.6205	-162.0428	30.11	-222	-636	-659	0	0	0	0	0	0.00	0.00000000	0.00000000	0.0	0.0	0.000	0.15598	-0.01447	0.00098	-0.98761	0	0.00	0.00	0.00
0x50	 17:36:39.952	 2000-00-00 00:00:29.285	0.0264	-0.0059	0.9985	0.0000	0.0000	0.0000	-0.3680	-1.6205	-162.0428	30.17	-222	-635	-660	0	0	0	0	0	0.00	0.00000000	0.00000000	0.0	0.0	0.000	0.15598	-0.01447	0.00098	-0.98761	0	0.00	0.00	0.00
0x50	 17:36:39.952	 2000-00-00 00:00:29.305	0.0288	-0.0068	0.9990	0.0000	0.0000	0.0000	-0.3680	-1.6205	-162.0428	30.11	-221	-635	-660	0	0	0	0	0	0.00	0.00000000	0.00000000	0.0	0.0	0.000	0.15598	-0.01447	0.00098	-0.98761	0	0.00	0.00	0.00
0x50	 17:36:39.952	 2000-00-00 00:00:29.325	0.0293	-0.0059	0.9985	0.0000	0.0000	0.0000	-0.3680	-1.6205	-162.0428	30.23	-221	-635	-661	0	0	0	0	0	0.00	0.00000000	0.00000000	0.0	0.0	0.000	0.15598	-0.01450	0.00101	-0.98761	0	0.00	0.00	0.00
0x50	 17:36:39.961	 2000-00-00 00:00:29.345	0.0273	-0.0059	1.0000	0.0000	0.0000	0.0000	-0.3735	-1.6205	-162.0428	30.17	-221	-635	-661	0	0	0	0	0	0.00	0.00000000	0.00000000	0.0	0.0	0.000	0.15598	-0.01450	0.00101	-0.98761	0	0.00	0.00	0.00
0x50	 17:36:39.983	 2000-00-00 00:00:29.365	0.0264	-0.0073	0.9985	0.0000	0.0000	0.0000	-0.3735	-1.6205	-162.0428	30.11	-221	-636	-663	0	0	0	0	0	0.00	0.00000000	0.00000000	0.0	0.0	0.000	0.15598	-0.01450	0.00101	-0.98761	0	0.00	0.00	0.00
0x50	 17:36:40.056	 2000-00-00 00:00:29.390	0.0298	-0.0068	1.0000	0.0000	0.0000	0.0000	-0.3735	-1.6205	-162.0428	30.17	-222	-637	-663	0	0	0	0	0	0.00	0.00000000	0.00000000	0.0	0.0	0.000	0.15598	-0.01450	0.00101	-0.98761	0	0.00	0.00	0.00
0x50	 17:36:40.056	 2000-00-00 00:00:29.410	0.0278	-0.0073	1.0010	0.0000	0.0000	0.0000	-0.3735	-1.6205	-162.0428	30.04	-223	-639	-659	0	0	0	0	0	0.00	0.00000000	0.00000000	0.0	0.0	0.000	0.15598	-0.01450	0.00101	-0.98761	0	0.00	0.00	0.00
0x50	 17:36:40.056	 2000-00-00 00:00:29.430	0.0283	-0.0083	0.9985	0.0000	0.0000	0.0000	-0.3735	-1.6205	-162.0428	30.48	-222	-639	-658	0	0	0	0	0	0.00	0.00000000	0.00000000	0.0	0.0	0.000	0.15598	-0.01450	0.00101	-0.98761	0	0.00	0.00	0.00
0x50	 17:36:40.067	 2000-00-00 00:00:29.450	0.0264	-0.0059	0.9990	0.0000	0.0000	0.0000	-0.3735	-1.6205	-162.0428	30.11	-222	-637	-659	0	0	0	0	0	0.00	0.00000000	0.00000000	0.0	0.0	0.000	0.15598	-0.01450	0.00101	-0.98761	0	0.00	0.00	0.00
0x50	 17:36:40.088	 2000-00-00 00:00:29.475	0.0308	-0.0063	0.9985	0.0000	0.0000	0.0000	-0.3735	-1.6205	-162.0428	30.23	-222	-635	-659	0	0	0	0	0	0.00	0.00000000	0.00000000	0.0	0.0	0.000	0.15598	-0.01450	0.00101	-0.98761	0	0.00	0.00	0.00
0x50	 17:36:40.160	 2000-00-00 00:00:29.495	0.0273	-0.0063	0.9995	0.0000	0.0000	0.0000	-0.3735	-1.6205	-162.0428	30.29	-222	-635	-659	0	0	0	0	0	0.00	0.00000000	0.00000000	0.0	0.0	0.000	0.15598	-0.01450	0.00101	-0.98761	0	0.00	0.00	0.00
0x50	 17:36:40.160	 2000-00-00 00:00:29.515	0.0269	-0.0073	1.0010	0.0000	0.0000	0.0000	-0.3735	-1.6205	-162.0428	30.17	-221	-634	-660	0	0	0	0	0	0.00	0.00000000	0.00000000	0.0	0.0	0.000	0.15598	-0.01450	0.00101	-0.98761	0	0.00	0.00	0.00
0x50	 17:36:40.160	 2000-00-00 00:00:29.540	0.0308	-0.0059	1.0005	0.0000	0.0000	0.0000	-0.3735	-1.6205	-162.0428	30.11	-221	-635	-661	0	0	0	0	0	0.00	0.00000000	0.00000000	0.0	0.0	0.000	0.15598	-0.01450	0.00101	-0.98761	0	0.00	0.00	0.00
0x50	 17:36:40.173	 2000-00-00 00:00:29.560	0.0269	-0.0054	1.0000	0.0000	0.0000	0.0000	-0.3735	-1.6205	-162.0428	30.42	-221	-637	-662	0	0	0	0	0	0.00	0.00000000	0.00000000	0.0	0.0	0.000	0.15598	-0.01450	0.00101	-0.98761	0	0.00	0.00	0.00
0x50	 17:36:40.194	 2000-00-00 00:00:29.580	0.0269	-0.0088	0.9990	0.0000	0.0000	0.0000	-0.3735	-1.6205	-162.0428	30.42	-221	-639	-658	0	0	0	0	0	0.00	0.00000000	0.00000000	0.0	0.0	0.000	0.15598	-0.01450	0.00101	-0.98761	0	0.00	0.00	0.00
0x50	 17:36:40.283	 2000-00-00 00:00:29.600	0.0278	-0.0049	0.9980	0.0000	0.0000	0.0000	-0.3735	-1.6205	-162.0428	30.23	-222	-639	-656	0	0	0	0	0	0.00	0.00000000	0.00000000	0.0	0.0	0.000	0.15598	-0.01450	0.00101	-0.98761	0	0.00	0.00	0.00
0x50	 17:36:40.283	 2000-00-00 00:00:29.620	0.0293	-0.0054	0.9985	0.0000	0.0000	0.0000	-0.3735	-1.6205	-162.0428	30.04	-222	-638	-656	0	0	0	0	0	0.00	0.00000000	0.00000000	0.0	0.0	0.000	0.15598	-0.01450	0.00101	-0.98761	0	0.00	0.00	0.00
0x50	 17:36:40.283	 2000-00-00 00:00:29.640	0.0293	-0.0063	0.9995	0.0000	0.0000	0.0000	-0.3735	-1.6205	-162.0428	30.04	-222	-636	-658	0	0	0	0	0	0.00	0.00000000	0.00000000	0.0	0.0	0.000	0.15598	-0.01450	0.00101	-0.98761	0	0.00	0.00	0.00
0x50	 17:36:40.283	 2000-00-00 00:00:29.665	0.0283	-0.0083	1.0024	0.0000	0.0000	0.0000	-0.3735	-1.6205	-162.0428	30.23	-221	-635	-658	0	0	0	0	0	0.00	0.00000000	0.00000000	0.0	0.0	0.000	0.15598	-0.01450	0.00101	-0.98761	0	0.00	0.00	0.00
0x50	 17:36:40.299	 2000-00-00 00:00:29.685	0.0278	-0.0049	1.0005	0.0000	0.0000	0.0000	-0.3735	-1.6205	-162.0428	30.11	-221	-635	-658	0	0	0	0	0	0.00	0.00000000	0.00000000	0.0	0.0	0.000	0.15598	-0.01450	0.00101	-0.98761	0	0.00	0.00	0.00
0x50	 17:36:40.320	 2000-00-00 00:00:29.705	0.0273	-0.0073	0.9990	0.0000	0.0000	0.0000	-0.3735	-1.6205	-162.0428	30.11	-221	-634	-658	0	0	0	0	0	0.00	0.00000000	0.00000000	0.0	0.0	0.000	0.15598	-0.01450	0.00101	-0.98761	0	0.00	0.00	0.00
0x50	 17:36:40.385	 2000-00-00 00:00:29.725	0.0298	-0.0068	0.9990	0.0000	0.0000	0.0000	-0.3735	-1.6205	-162.0428	30.23	-220	-635	-659	0	0	0	0	0	0.00	0.00000000	0.00000000	0.0	0.0	0.000	0.15598	-0.01450	0.00101	-0.98761	0	0.00	0.00	0.00
0x50	 17:36:40.385	 2000-00-00 00:00:29.750	0.0273	-0.0078	0.9971	0.0000	0.0000	0.0000	-0.3735	-1.6205	-162.0428	30.23	-221	-636	-660	0	0	0	0	0	0.00	0.00000000	0.00000000	0.0	0.0	0.000	0.15598	-0.01450	0.00101	-0.98761	0	0.00	0.00	0.00
0x50	 17:36:40.385	 2000-00-00 00:00:29.770	0.0278	-0.0068	0.9976	0.0000	0.0000	0.0000	-0.3735	-1.6205	-162.0428	30.29	-221	-637	-660	0	0	0	0	0	0.00	0.00000000	0.00000000	0.0	0.0	0.000	0.15598	-0.01450	0.00101	-0.98761	0	0.00	0.00	0.00
0x50	 17:36:40.404	 2000-00-00 00:00:29.790	0.0293	-0.0063	0.9990	0.0000	0.0000	0.0000	-0.3735	-1.6205	-162.0428	30.17	-221	-639	-657	0	0	0	0	0	0.00	0.00000000	0.00000000	0.0	0.0	0.000	0.15598	-0.01450	0.00101	-0.98761	0	0.00	0.00	0.00
0x50	 17:36:40.425	 2000-00-00 00:00:29.810	0.0288	-0.0059	0.9971	0.0000	0.0000	0.0000	-0.3735	-1.6205	-162.0428	30.42	-221	-639	-656	0	0	0	0	0	0.00	0.00000000	0.00000000	0.0	0.0	0.000	0.15598	-0.01450	0.00101	-0.98761	0	0.00	0.00	0.00
0x50	 17:36:40.492	 2000-00-00 00:00:29.830	0.0288	-0.0093	1.0015	0.0000	0.0000	0.0000	-0.3735	-1.6205	-162.0428	30.42	-221	-638	-657	0	0	0	0	0	0.00	0.00000000	0.00000000	0.0	0.0	0.000	0.15598	-0.01450	0.00101	-0.98761	0	0.00	0.00	0.00
0x50	 17:36:40.492	 2000-00-00 00:00:29.855	0.0264	-0.0078	0.9985	0.0000	0.0000	0.0000	-0.3735	-1.6205	-162.0428	30.04	-221	-637	-658	0	0	0	0	0	0.00	0.00000000	0.00000000	0.0	0.0	0.000	0.15598	-0.01450	0.00101	-0.98761	0	0.00	0.00	0.00
0x50	 17:36:40.492	 2000-00-00 00:00:29.875	0.0269	-0.0083	1.0000	0.0000	0.0000	0.0000	-0.3735	-1.6205	-162.0428	30.23	-222	-636	-658	0	0	0	0	0	0.00	0.00000000	0.00000000	0.0	0.0	0.000	0.15598	-0.01453	0.00104	-0.98761	0	0.00	0.00	0.00
0x50	 17:36:40.509	 2000-00-00 00:00:29.895	0.0283	-0.0078	0.9995	0.0000	0.0000	0.0000	-0.3735	-1.6205	-162.0428	30.11	-221	-634	-659	0	0	0	0	0	0.00	0.00000000	0.00000000	0.0	0.0	0.000	0.15598	-0.01453	0.00104	-0.98761	0	0.00	0.00	0.00
0x50	 17:36:40.530	 2000-00-00 00:00:29.915	0.0264	-0.0054	0.9980	0.0000	0.0000	0.0000	-0.3735	-1.6205	-162.0428	30.17	-221	-635	-660	0	0	0	0	0	0.00	0.00000000	0.00000000	0.0	0.0	0.000	0.15598	-0.01453	0.00104	-0.98761	0	0.00	0.00	0.00
0x50	 17:36:40.600	 2000-00-00 00:00:29.935	0.0249	-0.0063	1.0000	0.0000	0.0000	0.0000	-0.3735	-1.6205	-162.0428	30.11	-221	-636	-662	0	0	0	0	0	0.00	0.00000000	0.00000000	0.0	0.0	0.000	0.15598	-0.01453	0.00104	-0.98761	0	0.00	0.00	0.00
0x50	 17:36:40.600	 2000-00-00 00:00:29.960	0.0278	-0.0073	0.9976	0.0000	0.0000	0.0000	-0.3735	-1.6205	-162.0428	29.98	-221	-637	-661	0	0	0	0	0	0.00	0.00000000	0.00000000	0.0	0.0	0.000	0.15598	-0.01453	0.00104	-0.98761	0	0.00	0.00	0.00
0x50	 17:36:40.600	 2000-00-00 00:00:29.980	0.0273	-0.0059	0.9980	0.0000	0.0000	0.0000	-0.3735	-1.6205	-162.0428	30.11	-222	-638	-659	0	0	0	0	0	0.00	0.00000000	0.00000000	0.0	0.0	0.000	0.15598	-0.01453	0.00104	-0.98761	0	0.00	0.00	0.00
0x50	 17:36:40.615	 2000-00-00 00:00:30.000	0.0278	-0.0063	0.9995	0.0000	0.0000	0.0000	-0.3735	-1.6205	-162.0428	30.42	-222	-637	-658	0	0	0	0	0	0.00	0.00000000	0.00000000	0.0	0.0	0.000	0.15598	-0.01450	0.00104	-0.98761	0	0.00	0.00	0.00
0x50	 17:36:40.635	 2000-00-00 00:00:30.020	0.0278	-0.0049	0.9980	0.0000	0.0000	0.0000	-0.3735	-1.6205	-162.0428	30.29	-222	-636	-658	0	0	0	0	0	0.00	0.00000000	0.00000000	0.0	0.0	0.000	0.15598	-0.01450	0.00104	-0.98761	0	0.00	0.00	0.00
0x50	 17:36:40.717	 2000-00-00 00:00:30.045	0.0273	-0.0039	0.9995	0.0000	0.0000	0.0000	-0.3735	-1.6205	-162.0428	30.11	-221	-636	-659	0	0	0	0	0	0.00	0.00000000	0.00000000	0.0	0.0	0.000	0.15598	-0.01450	0.00104	-0.98761	0	0.00	0.00	0.00
0x50	 17:36:40.717	 2000-00-00 00:00:30.065	0.0308	-0.0054	0.9976	0.0000	0.0000	0.0000	-0.3735	-1.6205	-162.0428	30.29	-221	-636	-659	0	0	0	0	0	0.00	0.00000000	0.00000000	0.0	0.0	0.000	0.15598	-0.01450	0.00104	-0.98761	0	0.00	0.00	0.00
0x50	 17:36:40.717	 2000-00-00 00:00:30.085	0.0293	-0.0044	1.0015	0.0000	0.0000	0.0000	-0.3735	-1.6205	-162.0428	30.23	-220	-636	-660	0	0	0	0	0	0.00	0.00000000	0.00000000	0.0	0.0	0.000	0.15598	-0.01450	0.00104	-0.98761	0	0.00	0.00	0.00
0x50	 17:36:40.720	 2000-00-00 00:00:30.105	0.0278	-0.0049	1.0000	0.0000	0.0000	0.0000	-0.3735	-1.6205	-162.0428	30.29	-220	-636	-661	0	0	0	0	0	0.00	0.00000000	0.00000000	0.0	0.0	0.000	0.15598	-0.01450	0.00104	-0.98761	0	0.00	0.00	0.00
0x50	 17:36:40.740	 2000-00-00 00:00:30.125	0.0283	-0.0068	1.0000	0.0000	0.0000	0.0000	-0.3735	-1.6205	-162.0428	30.23	-221	-637	-662	0	0	0	0	0	0.00	0.00000000	0.00000000	0.0	0.0	0.000	0.15598	-0.01450	0.00104	-0.98761	0	0.00	0.00	0.00
0x50	 17:36:40.761	 2000-00-00 00:00:30.150	0.0298	-0.0103	0.9980	0.0000	0.0000	0.0000	-0.3735	-1.6205	-162.0428	30.11	-221	-638	-663	0	0	0	0	0	0.00	0.00000000	0.00000000	0.0	0.0	0.000	0.15598	-0.01450	0.00101	-0.98761	0	0.00	0.00	0.00
0x50	 17:36:40.823	 2000-00-00 00:00:30.170	0.0288	-0.0059	0.9980	0.0000	0.0000	0.0000	-0.3735	-1.6205	-162.0428	30.29	-222	-639	-658	0	0	0	0	0	0.00	0.00000000	0.00000000	0.0	0.0	0.000	0.15598	-0.01450	0.00101	-0.98761	0	0.00	0.00	0.00
0x50	 17:36:40.823	 2000-00-00 00:00:30.190	0.0293	-0.0054	0.9990	0.0000	0.0000	0.0000	-0.3735	-1.6205	-162.0428	30.23	-222	-640	-655	0	0	0	0	0	0.00	0.00000000	0.00000000	0.0	0.0	0.000	0.15598	-0.01450	0.00101	-0.98761	0	0.00	0.00	0.00
0x50	 17:36:40.823	 2000-00-00 00:00:30.210	0.0283	-0.0054	0.9976	0.0000	0.0000	0.0000	-0.3735	-1.6205	-162.0428	30.11	-222	-638	-656	0	0	0	0	0	0.00	0.00000000	0.00000000	0.0	0.0	0.000	0.15598	-0.01450	0.00101	-0.98761	0	0.00	0.00	0.00
0x50	 17:36:40.845	 2000-00-00 00:00:30.230	0.0278	-0.0068	0.9961	0.0000	0.0000	0.0000	-0.3735	-1.6205	-162.0428	30.23	-222	-636	-656	0	0	0	0	0	0.00	0.00000000	0.00000000	0.0	0.0	0.000	0.15598	-0.01450	0.00101	-0.98761	0	0.00	0.00	0.00
0x50	 17:36:40.865	 2000-00-00 00:00:30.255	0.0273	-0.0083	0.9980	0.0000	0.0000	0.0000	-0.3735	-1.6205	-162.0428	30.04	-221	-636	-656	0	0	0	0	0	0.00	0.00000000	0.00000000	0.0	0.0	0.000	0.15598	-0.01450	0.00101	-0.98761	0	0.00	0.00	0.00
0x50	 17:36:40.928	 2000-00-00 00:00:30.275	0.0264	-0.0088	0.9985	0.0000	0.0000	0.0000	-0.3735	-1.6205	-162.0428	30.17	-221	-635	-658	0	0	0	0	0	0.00	0.00000000	0.00000000	0.0	0.0	0.000	0.15598	-0.01450	0.00101	-0.98761	0	0.00	0.00	0.00
0x50	 17:36:40.929	 2000-00-00 00:00:30.295	0.0293	-0.0068	0.9995	0.0000	0.0000	0.0000	-0.3735	-1.6205	-162.0428	30.23	-220	-635	-658	0	0	0	0	0	0.00	0.00000000	0.00000000	0.0	0.0	0.000	0.15598	-0.01450	0.00101	-0.98761	0	0.00	0.00	0.00
0x50	 17:36:40.944	 2000-00-00 00:00:30.315	0.0278	-0.0054	0.9990	0.0000	0.0000	0.0000	-0.3735	-1.6205	-162.0428	30.11	-220	-635	-658	0	0	0	0	0	0.00	0.00000000	0.00000000	0.0	0.0	0.000	0.15598	-0.01450	0.00101	-0.98761	0	0.00	0.00	0.00
0x50	 17:36:40.949	 2000-00-00 00:00:30.340	0.0273	-0.0059	0.9990	0.0000	0.0000	0.0000	-0.3735	-1.6205	-162.0428	30.11	-220	-636	-661	0	0	0	0	0	0.00	0.00000000	0.00000000	0.0	0.0	0.000	0.15598	-0.01450	0.00101	-0.98761	0	0.00	0.00	0.00
0x50	 17:36:40.971	 2000-00-00 00:00:30.360	0.0293	-0.0078	0.9971	0.0000	0.0000	0.0000	-0.3735	-1.6205	-162.0428	30.48	-220	-637	-661	0	0	0	0	0	0.00	0.00000000	0.00000000	0.0	0.0	0.000	0.15598	-0.01450	0.00101	-0.98761	0	0.00	0.00	0.00
0x50	 17:36:41.033	 2000-00-00 00:00:30.380	0.0283	-0.0073	0.9976	0.0000	0.0000	0.0000	-0.3735	-1.6205	-162.0428	30.29	-221	-639	-657	0	0	0	0	0	0.00	0.00000000	0.00000000	0.0	0.0	0.000	0.15598	-0.01450	0.00101	-0.98761	0	0.00	0.00	0.00
0x50	 17:36:41.033	 2000-00-00 00:00:30.400	0.0283	-0.0083	0.9990	0.0000	0.0000	0.0000	-0.3735	-1.6205	-162.0428	30.23	-221	-638	-655	0	0	0	0	0	0.00	0.00000000	0.00000000	0.0	0.0	0.000	0.15598	-0.01450	0.00101	-0.98761	0	0.00	0.00	0.00
0x50	 17:36:41.033	 2000-00-00 00:00:30.420	0.0283	-0.0068	0.9990	0.0000	0.0000	0.0000	-0.3735	-1.6205	-162.0428	29.92	-221	-637	-658	0	0	0	0	0	0.00	0.00000000	0.00000000	0.0	0.0	0.000	0.15598	-0.01450	0.00101	-0.98761	0	0.00	0.00	0.00
0x50	 17:36:41.055	 2000-00-00 00:00:30.445	0.0273	-0.0039	1.0005	0.0000	0.0000	0.0000	-0.3735	-1.6205	-162.0428	30.17	-221	-636	-658	0	0	0	0	0	0.00	0.00000000	0.00000000	0.0	0.0	0.000	0.15598	-0.01450	0.00101	-0.98761	0	0.00	0.00	0.00
0x50	 17:36:41.075	 2000-00-00 00:00:30.465	0.0283	-0.0073	0.9990	0.0000	0.0000	0.0000	-0.3735	-1.6205	-162.0428	30.48	-221	-636	-659	0	0	0	0	0	0.00	0.00000000	0.00000000	0.0	0.0	0.000	0.15598	-0.01450	0.00101	-0.98761	0	0.00	0.00	0.00
0x50	 17:36:41.142	 2000-00-00 00:00:30.485	0.0264	-0.0068	0.9976	0.0000	0.0000	0.0000	-0.3735	-1.6205	-162.0428	30.23	-220	-635	-661	0	0	0	0	0	0.00	0.00000000	0.00000000	0.0	0.0	0.000	0.15598	-0.01450	0.00104	-0.98761	0	0.00	0.00	0.00
0x50	 17:36:41.142	 2000-00-00 00:00:30.505	0.0288	-0.0063	1.0005	0.0000	0.0000	0.0000	-0.3735	-1.6205	-162.0428	30.17	-220	-635	-662	0	0	0	0	0	0.00	0.00000000	0.00000000	0.0	0.0	0.000	0.15598	-0.01450	0.00104	-0.98761	0	0.00	0.00	0.00
0x50	 17:36:41.142	 2000-00-00 00:00:30.525	0.0283	-0.0054	1.0010	0.0000	0.0000	0.0000	-0.3735	-1.6205	-162.0428	30.23	-220	-637	-663	0	0	0	0	0	0.00	0.00000000	0.00000000	0.0	0.0	0.000	0.15598	-0.01450	0.00104	-0.98761	0	0.00	0.00	0.00
0x50	 17:36:41.159	 2000-00-00 00:00:30.550	0.0293	-0.0063	0.9985	0.0000	0.0000	0.0000	-0.3735	-1.6205	-162.0428	30.29	-221	-638	-662	0	0	0	0	0	0.00	0.00000000	0.00000000	0.0	0.0	0.000	0.15598	-0.01450	0.00104	-0.98761	0	0.00	0.00	0.00
0x50	 17:36:41.181	 2000-00-00 00:00:30.570	0.0283	-0.0078	1.0005	0.0000	0.0000	0.0000	-0.3735	-1.6205	-162.0428	30.11	-221	-638	-659	0	0	0	0	0	0.00	0.00000000	0.00000000	0.0	0.0	0.000	0.15598	-0.01450	0.00104	-0.98761	0	0.00	0.00	0.00
0x50	 17:36:41.248	 2000-00-00 00:00:30.590	0.0273	-0.0083	1.0000	0.0000	0.0000	0.0000	-0.3735	-1.6205	-162.0428	30.17	-222	-637	-656	0	0	0	0	0	0.00	0.00000000	0.00000000	0.0	0.0	0.000	0.15598	-0.01450	0.00104	-0.98761	0	0.00	0.00	0.00
0x50	 17:36:41.248	 2000-00-00 00:00:30.610	0.0273	-0.0073	0.9985	0.0000	0.0000	0.0000	-0.3735	-1.6205	-162.0428	30.17	-221	-637	-657	0	0	0	0	0	0.00	0.00000000	0.00000000	0.0	0.0	0.000	0.15598	-0.01450	0.00104	-0.98761	0	0.00	0.00	0.00
0x50	 17:36:41.248	 2000-00-00 00:00:30.635	0.0278	-0.0068	0.9990	0.0000	0.0000	0.0000	-0.3735	-1.6205	-162.0428	30.23	-221	-636	-658	0	0	0	0	0	0.00	0.00000000	0.00000000	0.0	0.0	0.000	0.15598	-0.01450	0.00104	-0.98761	0	0.00	0.00	0.00
0x50	 17:36:41.265	 2000-00-00 00:00:30.655	0.0269	-0.0063	1.0020	0.0000	0.0000	0.0000	-0.3735	-1.6205	-162.0428	30.29	-221	-635	-658	0	0	0	0	0	0.00	0.00000000	0.00000000	0.0	0.0	0.000	0.15598	-0.01450	0.00104	-0.98761	0	0.00	0.00	0.00
0x50	 17:36:41.285	 2000-00-00 00:00:30.675	0.0293	-0.0039	0.9990	0.0000	0.0000	0.0000	-0.3735	-1.6205	-162.0428	30.29	-224	-633	-662	0	0	0	0	0	0.00	0.00000000	0.00000000	0.0	0.0	0.000	0.15598	-0.01450	0.00104	-0.98761	0	0.00	0.00	0.00
0x50	 17:36:41.356	 2000-00-00 00:00:30.695	0.0293	-0.0078	1.0000	0.0000	0.0000	0.0000	-0.3735	-1.6205	-162.0428	30.17	-219	-634	-660	0	0	0	0	0	0.00	0.00000000	0.00000000	0.0	0.0	0.000	0.15598	-0.01450	0.00104	-0.98761	0	0.00	0.00	0.00
0x50	 17:36:41.356	 2000-00-00 00:00:30.715	0.0264	-0.0059	1.0020	0.0000	0.0000	0.0000	-0.3735	-1.6205	-162.0428	30.29	-220	-635	-662	0	0	0	0	0	0.00	0.00000000	0.00000000	0.0	0.0	0.000	0.15598	-0.01450	0.00104	-0.98761	0	0.00	0.00	0.00
0x50	 17:36:41.356	 2000-00-00 00:00:30.740	0.0278	-0.0049	0.9980	0.0000	0.0000	0.0000	-0.3735	-1.6205	-162.0428	30.11	-221	-637	-663	0	0	0	0	0	0.00	0.00000000	0.00000000	0.0	0.0	0.000	0.15598	-0.01450	0.00104	-0.98761	0	0.00	0.00	0.00
0x50	 17:36:41.369	 2000-00-00 00:00:30.760	0.0283	-0.0044	1.0005	0.0000	0.0000	0.0000	-0.3735	-1.6205	-162.0428	30.29	-222	-638	-659	0	0	0	0	0	0.00	0.00000000	0.00000000	0.0	0.0	0.000	0.15598	-0.01450	0.00104	-0.98761	0	0.00	0.00	0.00
0x50	 17:36:41.391	 2000-00-00 00:00:30.780	0.0298	-0.0054	1.0029	0.0000	0.0000	0.0000	-0.3735	-1.6205	-162.0428	30.23	-222	-640	-656	0	0	0	0	0	0.00	0.00000000	0.00000000	0.0	0.0	0.000	0.15598	-0.01450	0.00104	-0.98761	0	0.00	0.00	0.00
0x50	 17:36:41.460	 2000-00-00 00:00:30.800	0.0283	-0.0068	1.0000	0.0000	0.0000	0.0000	-0.3735	-1.6205	-162.0428	30.17	-222	-638	-658	0	0	0	0	0	0.00	0.00000000	0.00000000	0.0	0.0	0.000	0.15598	-0.01450	0.00104	-0.98761	0	0.00	0.00	0.00
0x50	 17:36:41.461	 2000-00-00 00:00:30.820	0.0283	-0.0059	0.9980	0.0000	0.0000	0.0000	-0.3735	-1.6205	-162.0428	30.17	-222	-637	-660	0	0	0	0	0	0.00	0.00000000	0.00000000	0.0	0.0	0.000	0.15598	-0.01450	0.00104	-0.98761	0	0.00	0.00	0.00
0x50	 17:36:41.461	 2000-00-00 00:00:30.845	0.0269	-0.0103	0.9995	0.0000	0.0000	0.0000	-0.3735	-1.6205	-162.0428	29.98	-222	-636	-660	0	0	0	0	0	0.00	0.00000000	0.00000000	0.0	0.0	0.000	0.15598	-0.01450	0.00104	-0.98761	0	0.00	0.00	0.00
0x50	 17:36:41.475	 2000-00-00 00:00:30.865	0.0288	-0.0063	0.9990	0.0000	0.0000	0.0000	-0.3735	-1.6205	-162.0428	30.11	-221	-636	-660	0	0	0	0	0	0.00	0.00000000	0.00000000	0.0	0.0	0.000	0.15598	-0.01450	0.00104	-0.98761	0	0.00	0.00	0.00
0x50	 17:36:41.495	 2000-00-00 00:00:30.885	0.0278	-0.0063	0.9985	0.0000	0.0000	0.0000	-0.3735	-1.6205	-162.0428	30.11	-220	-635	-660	0	0	0	0	0	0.00	0.00000000	0.00000000	0.0	0.0	0.000	0.15598	-0.01450	0.00104	-0.98761	0	0.00	0.00	0.00
0x50	 17:36:41.565	 2000-00-00 00:00:30.905	0.0278	-0.0059	0.9980	0.0000	0.0000	0.0000	-0.3735	-1.6205	-162.0428	30.17	-220	-635	-660	0	0	0	0	0	0.00	0.00000000	0.00000000	0.0	0.0	0.000	0.15598	-0.01450	0.00104	-0.98761	0	0.00	0.00	0.00
0x50	 17:36:41.565	 2000-00-00 00:00:30.930	0.0273	-0.0068	0.9985	0.0000	0.0000	0.0000	-0.3735	-1.6205	-162.0428	30.29	-221	-637	-662	0	0	0	0	0	0.00	0.00000000	0.00000000	0.0	0.0	0.000	0.15598	-0.01450	0.00104	-0.98761	0	0.00	0.00	0.00
0x50	 17:36:41.566	 2000-00-00 00:00:30.950	0.0283	-0.0068	0.9980	0.0000	0.0000	0.0000	-0.3735	-1.6205	-162.0428	30.42	-221	-638	-663	0	0	0	0	0	0.00	0.00000000	0.00000000	0.0	0.0	0.000	0.15598	-0.01450	0.00104	-0.98761	0	0.00	0.00	0.00
0x50	 17:36:41.580	 2000-00-00 00:00:30.970	0.0288	-0.0088	0.9990	0.0000	0.0000	0.0000	-0.3735	-1.6205	-162.0428	30.04	-221	-640	-659	0	0	0	0	0	0.00	0.00000000	0.00000000	0.0	0.0	0.000	0.15598	-0.01450	0.00101	-0.98761	0	0.00	0.00	0.00
0x50	 17:36:41.602	 2000-00-00 00:00:30.990	0.0298	-0.0063	0.9995	0.0000	0.0000	0.0000	-0.3735	-1.6205	-162.0428	30.04	-222	-640	-656	0	0	0	0	0	0.00	0.00000000	0.00000000	0.0	0.0	0.000	0.15598	-0.01450	0.00101	-0.98761	0	0.00	0.00	0.00
0x50	 17:36:41.670	 2000-00-00 00:00:31.015	0.0283	-0.0044	1.0000	0.0000	0.0000	0.0000	-0.3735	-1.6205	-162.0428	30.23	-221	-638	-657	0	0	0	0	0	0.00	0.00000000	0.00000000	0.0	0.0	0.000	0.15598	-0.01450	0.00101	-0.98761	0	0.00	0.00	0.00
0x50	 17:36:41.671	 2000-00-00 00:00:31.035	0.0269	-0.0063	1.0015	0.0000	0.0000	0.0000	-0.3735	-1.6205	-162.0428	30.17	-221	-637	-658	0	0	0	0	0	0.00	0.00000000	0.00000000	0.0	0.0	0.000	0.15598	-0.01450	0.00101	-0.98761	0	0.00	0.00	0.00
0x50	 17:36:41.671	 2000-00-00 00:00:31.055	0.0288	-0.0068	1.0015	0.0000	0.0000	0.0000	-0.3735	-1.6205	-162.0428	30.04	-221	-636	-659	0	0	0	0	0	0.00	0.00000000	0.00000000	0.0	0.0	0.000	0.15598	-0.01450	0.00101	-0.98761	0	0.00	0.00	0.00
0x50	 17:36:41.686	 2000-00-00 00:00:31.075	0.0293	-0.0073	0.9971	0.0000	0.0000	0.0000	-0.3735	-1.6205	-162.0428	30.48	-221	-637	-660	0	0	0	0	0	0.00	0.00000000	0.00000000	0.0	0.0	0.000	0.15598	-0.01450	0.00101	-0.98761	0	0.00	0.00	0.00
0x50	 17:36:41.707	 2000-00-00 00:00:31.095	0.0293	-0.0049	0.9995	0.0000	0.0000	0.0000	-0.3735	-1.6205	-162.0428	30.17	-221	-638	-661	0	0	0	0	0	0.00	0.00000000	0.00000000	0.0	0.0	0.000	0.15598	-0.01450	0.00101	-0.98761	0	0.00	0.00	0.00
0x50	 17:36:41.775	 2000-00-00 00:00:31.120	0.0288	-0.0054	0.9985	0.0000	0.0000	0.0000	-0.3735	-1.6205	-162.0428	30.23	-221	-638	-660	0	0	0	0	0	0.00	0.00000000	0.00000000	0.0	0.0	0.000	0.15598	-0.01450	0.00101	-0.98761	0	0.00	0.00	0.00
0x50	 17:36:41.775	 2000-00-00 00:00:31.140	0.0288	-0.0073	0.9985	0.0000	0.0000	0.0000	-0.3735	-1.6205	-162.0428	30.23	-221	-639	-657	0	0	0	0	0	0.00	0.00000000	0.00000000	0.0	0.0	0.000	0.15598	-0.01450	0.00101	-0.98761	0	0.00	0.00	0.00
0x50	 17:36:41.775	 2000-00-00 00:00:31.160	0.0273	-0.0063	0.9980	0.0000	0.0000	0.0000	-0.3735	-1.6205	-162.0428	30.23	-221	-638	-656	0	0	0	0	0	0.00	0.00000000	0.00000000	0.0	0.0	0.000	0.15598	-0.01450	0.00101	-0.98761	0	0.00	0.00	0.00
0x50	 17:36:41.790	 2000-00-00 00:00:31.180	0.0273	-0.0093	0.9980	0.0000	0.0000	0.0000	-0.3735	-1.6205	-162.0428	30.42	-222	-637	-656	0	0	0	0	0	0.00	0.00000000	0.00000000	0.0	0.0	0.000	0.15598	-0.01450	0.00101	-0.98761	0	0.00	0.00	0.00
0x50	 17:36:41.811	 2000-00-00 00:00:31.200	0.0293	-0.0088	0.9990	0.0000	0.0000	0.0000	-0.3735	-1.6205	-162.0428	30.29	-222	-636	-656	0	0	0	0	0	0.00	0.00000000	0.00000000	0.0	0.0	0.000	0.15598	-0.01450	0.00101	-0.98761	0	0.00	0.00	0.00
0x50	 17:36:41.880	 2000-00-00 00:00:31.225	0.0288	-0.0063	1.0010	0.0000	0.0000	0.0000	-0.3735	-1.6205	-162.0428	30.42	-222	-636	-657	0	0	0	0	0	0.00	0.00000000	0.00000000	0.0	0.0	0.000	0.15598	-0.01450	0.00101	-0.98761	0	0.00	0.00	0.00
0x50	 17:36:41.880	 2000-00-00 00:00:31.245	0.0283	-0.0078	0.9976	0.0000	0.0000	0.0000	-0.3735	-1.6205	-162.0428	30.23	-221	-635	-658	0	0	0	0	0	0.00	0.00000000	0.00000000	0.0	0.0	0.000	0.15598	-0.01450	0.00101	-0.98761	0	0.00	0.00	0.00
0x50	 17:36:41.880	 2000-00-00 00:00:31.265	0.0293	-0.0063	1.0015	0.0000	0.0000	0.0000	-0.3735	-1.6205	-162.0428	30.23	-220	-634	-658	0	0	0	0	0	0.00	0.00000000	0.00000000	0.0	0.0	0.000	0.15598	-0.01450	0.00101	-0.98761	0	0.00	0.00	0.00
0x50	 17:36:41.895	 2000-00-00 00:00:31.285	0.0264	-0.0059	1.0005	0.0000	0.0000	0.0000	-0.3735	-1.6205	-162.0428	30.17	-220	-635	-660	0	0	0	0	0	0.00	0.00000000	0.00000000	0.0	0.0	0.000	0.15598	-0.01450	0.00101	-0.98761	0	0.00	0.00	0.00
0x50	 17:36:41.916	 2000-00-00 00:00:31.305	0.0278	-0.0059	0.9971	0.0000	0.0000	0.0000	-0.3735	-1.6205	-162.0428	30.29	-220	-635	-660	0	0	0	0	0	0.00	0.00000000	0.00000000	0.0	0.0	0.000	0.15598	-0.01450	0.00101	-0.98761	0	0.00	0.00	0.00
0x50	 17:36:41.984	 2000-00-00 00:00:31.330	0.0283	-0.0059	1.0010	0.0000	0.0000	0.0000	-0.3735	-1.6205	-162.0428	30.04	-221	-636	-662	0	0	0	0	0	0.00	0.00000000	0.00000000	0.0	0.0	0.000	0.15598	-0.01450	0.00101	-0.98761	0	0.00	0.00	0.00
0x50	 17:36:41.984	 2000-00-00 00:00:31.350	0.0273	-0.0063	1.0000	0.0000	0.0000	0.0000	-0.3735	-1.6205	-162.0428	30.11	-222	-638	-660	0	0	0	0	0	0.00	0.00000000	0.00000000	0.0	0.0	0.000	0.15598	-0.01450	0.00101	-0.98761	0	0.00	0.00	0.00
0x50	 17:36:41.985	 2000-00-00 00:00:31.370	0.0273	-0.0063	0.9995	0.0000	0.0000	0.0000	-0.3735	-1.6205	-162.0428	30.29	-221	-638	-656	0	0	0	0	0	0.00	0.00000000	0.00000000	0.0	0.0	0.000	0.15598	-0.01450	0.00101	-0.98761	0	0.00	0.00	0.00
0x50	 17:36:42.000	 2000-00-00 00:00:31.390	0.0278	-0.0078	1.0000	0.0000	0.0000	0.0000	-0.3735	-1.6205	-162.0428	30.17	-220	-637	-656	0	0	0	0	0	0.00	0.00000000	0.00000000	0.0	0.0	0.000	0.15598	-0.01450	0.00101	-0.98761	0	0.00	0.00	0.00
0x50	 17:36:42.022	 2000-00-00 00:00:31.415	0.0283	-0.0063	0.9985	0.0000	0.0000	0.0000	-0.3735	-1.6205	-162.0428	30.17	-221	-636	-657	0	0	0	0	0	0.00	0.00000000	0.00000000	0.0	0.0	0.000	0.15598	-0.01450	0.00101	-0.98761	0	0.00	0.00	0.00
0x50	 17:36:42.090	 2000-00-00 00:00:31.435	0.0264	-0.0083	0.9995	0.0000	0.0000	0.0000	-0.3735	-1.6205	-162.0428	30.23	-222	-636	-658	0	0	0	0	0	0.00	0.00000000	0.00000000	0.0	0.0	0.000	0.15598	-0.01450	0.00101	-0.98761	0	0.00	0.00	0.00
0x50	 17:36:42.090	 2000-00-00 00:00:31.455	0.0283	-0.0068	0.9990	0.0000	0.0000	0.0000	-0.3735	-1.6205	-162.0428	30.29	-220	-635	-658	0	0	0	0	0	0.00	0.00000000	0.00000000	0.0	0.0	0.000	0.15598	-0.01450	0.00101	-0.98761	0	0.00	0.00	0.00
0x50	 17:36:42.090	 2000-00-00 00:00:31.475	0.0288	-0.0044	0.9966	0.0000	0.0000	0.0000	-0.3735	-1.6205	-162.0428	30.23	-220	-635	-659	0	0	0	0	0	0.00	0.00000000	0.00000000	0.0	0.0	0.000	0.15598	-0.01450	0.00101	-0.98761	0	0.00	0.00	0.00
0x50	 17:36:42.112	 2000-00-00 00:00:31.500	0.0293	-0.0044	1.0020	0.0000	0.0000	0.0000	-0.3735	-1.6205	-162.0428	30.55	-220	-636	-661	0	0	0	0	0	0.00	0.00000000	0.00000000	0.0	0.0	0.000	0.15598	-0.01450	0.00101	-0.98761	0	0.00	0.00	0.00
0x50	 17:36:42.128	 2000-00-00 00:00:31.520	0.0293	-0.0059	0.9990	0.0000	0.0000	0.0000	-0.3735	-1.6205	-162.0428	30.23	-221	-636	-662	0	0	0	0	0	0.00	0.00000000	0.00000000	0.0	0.0	0.000	0.15598	-0.01450	0.00101	-0.98761	0	0.00	0.00	0.00
0x50	 17:36:42.199	 2000-00-00 00:00:31.540	0.0303	-0.0073	1.0005	0.0000	0.0000	0.0000	-0.3735	-1.6205	-162.0428	30.23	-220	-636	-660	0	0	0	0	0	0.00	0.00000000	0.00000000	0.0	0.0	0.000	0.15598	-0.01450	0.00101	-0.98761	0	0.00	0.00	0.00
0x50	 17:36:42.199	 2000-00-00 00:00:31.560	0.0293	-0.0073	1.0005	0.0000	0.0000	0.0000	-0.3735	-1.6205	-162.0428	30.29	-221	-639	-655	0	0	0	0	0	0.00	0.00000000	0.00000000	0.0	0.0	0.000	0.15598	-0.01450	0.00101	-0.98761	0	0.00	0.00	0.00
0x50	 17:36:42.199	 2000-00-00 00:00:31.580	0.0269	-0.0049	0.9985	0.0000	0.0000	0.0000	-0.3735	-1.6205	-162.0428	30.17	-221	-638	-657	0	0	0	0	0	0.00	0.00000000	0.00000000	0.0	0.0	0.000	0.15598	-0.01450	0.00101	-0.98761	0	0.00	0.00	0.00
0x50	 17:36:42.216	 2000-00-00 00:00:31.605	0.0288	-0.0034	0.9980	0.0000	0.0000	0.0000	-0.3735	-1.6205	-162.0428	30.04	-221	-636	-658	0	0	0	0	0	0.00	0.00000000	0.00000000	0.0	0.0	0.000	0.15598	-0.01450	0.00101	-0.98761	0	0.00	0.00	0.00
