StartTime: 2021-12-24 17:37:29.399
address	Time(s)	ax(g)	ay(g)	az(g)	wx(deg/s)	wy(deg/s)	wz(deg/s)	AngleX(deg)	AngleY(deg)	AngleZ(deg)	T(°)
0x50	 17:37:29.399	11.0000	0.0000	0.0000	0.0000	0.0000	0.0000	0.0110	-0.7745	-0.0055	0.00
0x50	 17:37:29.399	11.0000	0.0000	0.0000	0.0000	0.0000	0.0000	0.0165	-61.9025	-0.0110	0.00
0x50	 17:37:29.497	12.0000	0.0000	0.0000	0.0000	0.0000	0.0000	0.0055	81.7712	0.0055	0.00
0x50	 17:37:29.498	12.0000	0.0000	0.0000	0.0000	0.0000	0.0000	0.0110	-0.7361	-0.0055	0.00
0x50	 17:37:29.498	12.0000	0.0000	0.0000	0.0000	0.0000	0.0000	0.0165	-61.9025	-0.0110	0.00
0x50	 17:37:29.598	13.0000	0.0000	0.0000	0.0000	0.0000	0.0000	0.0055	80.4803	0.0055	0.00
0x50	 17:37:29.598	13.0000	0.0000	0.0000	0.0000	0.0000	0.0000	0.0110	-0.6976	-0.0055	0.00
0x50	 17:37:29.598	13.0000	0.0000	0.0000	0.0000	0.0000	0.0000	0.0165	-61.9025	-0.0110	0.00
0x50	 17:37:29.697	14.0000	0.0000	0.0000	0.0000	0.0000	0.0000	0.0055	81.8811	0.0055	0.00
0x50	 17:37:29.698	14.0000	0.0000	0.0000	0.0000	0.0000	0.0000	0.0110	-0.6592	-0.0055	0.00
0x50	 17:37:29.698	14.0000	0.0000	0.0000	0.0000	0.0000	0.0000	0.0165	-61.9025	-0.0110	0.00
0x50	 17:37:29.797	15.0000	0.0000	0.0000	0.0000	0.0000	0.0000	0.0055	65.0500	0.0055	0.00
0x50	 17:37:29.841	15.0000	0.0000	0.0000	0.0000	0.0000	0.0000	0.0110	-0.6262	-0.0055	0.00
0x50	 17:37:29.841	15.0000	0.0000	0.0000	0.0000	0.0000	0.0000	0.0165	-61.8860	-0.0110	0.00
0x50	 17:37:29.899	-16.0000	0.0000	0.0000	0.0000	0.0000	0.0000	0.0055	67.0386	0.0055	0.00
0x50	 17:37:29.899	-16.0000	0.0000	0.0000	0.0000	0.0000	0.0000	0.0110	-1.8512	-0.0055	0.00
0x50	 17:37:29.899	-16.0000	0.0000	0.0000	0.0000	0.0000	0.0000	0.0165	-61.7542	-0.0110	0.00
0x50	 17:37:30.045	-15.0000	0.0000	0.0000	0.0000	0.0000	0.0000	0.0055	73.1635	0.0055	0.00
0x50	 17:37:30.045	-15.0000	0.0000	0.0000	0.0000	0.0000	0.0000	0.0110	-1.7633	-0.0055	0.00
0x50	 17:37:30.045	-15.0000	0.0000	0.0000	0.0000	0.0000	0.0000	0.0165	-61.7761	-0.0110	0.00
0x50	 17:37:30.097	-14.0000	0.0000	0.0000	0.0000	0.0000	0.0000	0.0055	68.5492	0.0055	0.00
0x50	 17:37:30.098	-14.0000	0.0000	0.0000	0.0000	0.0000	0.0000	0.0110	-1.6754	-0.0055	0.00
0x50	 17:37:30.098	-14.0000	0.0000	0.0000	0.0000	0.0000	0.0000	0.0165	-61.7706	-0.0110	0.00
0x50	 17:37:30.197	-13.0000	0.0000	0.0000	0.0000	0.0000	0.0000	0.0055	73.6523	0.0055	0.00
0x50	 17:37:30.233	-13.0000	0.0000	0.0000	0.0000	0.0000	0.0000	0.0110	-1.5930	-0.0055	0.00
0x50	 17:37:30.234	-13.0000	0.0000	0.0000	0.0000	0.0000	0.0000	0.0165	-61.7871	-0.0110	0.00
0x50	 17:37:30.297	-12.0000	0.0000	0.0000	0.0000	0.0000	0.0000	0.0055	68.7469	0.0055	0.00
0x50	 17:37:30.298	-12.0000	0.0000	0.0000	0.0000	0.0000	0.0000	0.0110	-1.5161	-0.0055	0.00
0x50	 17:37:30.298	-12.0000	0.0000	0.0000	0.0000	0.0000	0.0000	0.0165	-61.7816	-0.0110	0.00
0x50	 17:37:30.435	-11.0000	0.0000	0.0000	0.0000	0.0000	0.0000	0.0055	74.5642	0.0055	0.00
0x50	 17:37:30.435	-11.0000	0.0000	0.0000	0.0000	0.0000	0.0000	0.0110	-1.4392	-0.0055	0.00
0x50	 17:37:30.435	-11.0000	0.0000	0.0000	0.0000	0.0000	0.0000	0.0165	-61.8036	-0.0110	0.00
0x50	 17:37:30.497	-10.0000	0.0000	0.0000	0.0000	0.0000	0.0000	0.0055	77.2339	0.0055	0.00
0x50	 17:37:30.499	-10.0000	0.0000	0.0000	0.0000	0.0000	0.0000	0.0110	-1.3678	-0.0055	0.00
0x50	 17:37:30.499	-10.0000	0.0000	0.0000	0.0000	0.0000	0.0000	0.0165	-61.8146	-0.0110	0.00
0x50	 17:37:30.626	-9.0000	0.0000	0.0000	0.0000	0.0000	0.0000	0.0055	73.4985	0.0055	0.00
0x50	 17:37:30.626	-9.0000	0.0000	0.0000	0.0000	0.0000	0.0000	0.0110	-1.3074	-0.0055	0.00
0x50	 17:37:30.626	-9.0000	0.0000	0.0000	0.0000	0.0000	0.0000	0.0165	-61.8091	-0.0110	0.00
0x50	 17:37:30.697	-8.0000	0.0000	0.0000	0.0000	0.0000	0.0000	0.0055	78.2007	0.0055	0.00
0x50	 17:37:30.698	-8.0000	0.0000	0.0000	0.0000	0.0000	0.0000	0.0110	-1.2415	-0.0055	0.00
0x50	 17:37:30.698	-8.0000	0.0000	0.0000	0.0000	0.0000	0.0000	0.0165	-61.8201	-0.0110	0.00
0x50	 17:37:30.823	-7.0000	0.0000	0.0000	0.0000	0.0000	0.0000	0.0055	85.9406	0.0055	0.00
0x50	 17:37:30.823	-7.0000	0.0000	0.0000	0.0000	0.0000	0.0000	0.0110	-1.1865	-0.0055	0.00
0x50	 17:37:30.823	-7.0000	0.0000	0.0000	0.0000	0.0000	0.0000	0.0165	-61.8420	-0.0110	0.00
0x50	 17:37:30.897	-6.0000	0.0000	0.0000	0.0000	0.0000	0.0000	0.0055	74.3610	0.0055	0.00
0x50	 17:37:30.898	-6.0000	0.0000	0.0000	0.0000	0.0000	0.0000	0.0110	-1.1316	-0.0055	0.00
0x50	 17:37:30.898	-6.0000	0.0000	0.0000	0.0000	0.0000	0.0000	0.0165	-61.8201	-0.0110	0.00
0x50	 17:37:31.013	-5.0000	0.0000	0.0000	0.0000	0.0000	0.0000	0.0055	77.5415	0.0055	0.00
0x50	 17:37:31.013	-5.0000	0.0000	0.0000	0.0000	0.0000	0.0000	0.0110	-2.3346	-0.0055	0.00
0x50	 17:37:31.013	-5.0000	0.0000	0.0000	0.0000	0.0000	0.0000	0.0165	-61.7157	-0.0110	0.00
0x50	 17:37:31.099	-4.0000	0.0000	0.0000	0.0000	0.0000	0.0000	0.0055	83.6005	0.0055	0.00
0x50	 17:37:31.099	-4.0000	0.0000	0.0000	0.0000	0.0000	0.0000	0.0110	-2.2302	-0.0055	0.00
0x50	 17:37:31.099	-4.0000	0.0000	0.0000	0.0000	0.0000	0.0000	0.0165	-61.7487	-0.0110	0.00
0x50	 17:37:31.197	-3.0000	0.0000	0.0000	0.0000	0.0000	0.0000	0.0055	82.6886	0.0055	0.00
0x50	 17:37:31.198	-3.0000	0.0000	0.0000	0.0000	0.0000	0.0000	0.0110	-2.1368	-0.0055	0.00
0x50	 17:37:31.198	-3.0000	0.0000	0.0000	0.0000	0.0000	0.0000	0.0165	-61.7487	-0.0110	0.00
0x50	 17:37:31.297	-2.0000	0.0000	0.0000	0.0000	0.0000	0.0000	0.0055	86.0229	0.0055	0.00
0x50	 17:37:31.298	-2.0000	0.0000	0.0000	0.0000	0.0000	0.0000	0.0110	-2.0270	-0.0055	0.00
0x50	 17:37:31.298	-2.0000	0.0000	0.0000	0.0000	0.0000	0.0000	0.0165	-61.7706	-0.0110	0.00
0x50	 17:37:31.397	-1.0000	0.0000	0.0000	0.0000	0.0000	0.0000	0.0055	92.9333	0.0055	0.00
0x50	 17:37:31.399	-1.0000	0.0000	0.0000	0.0000	0.0000	0.0000	0.0110	-1.9281	-0.0055	0.00
0x50	 17:37:31.399	-1.0000	0.0000	0.0000	0.0000	0.0000	0.0000	0.0165	-61.7981	-0.0110	0.00
0x50	 17:37:31.496	0.0000	0.0000	0.0000	0.0000	0.0000	0.0000	0.0055	92.8290	0.0055	0.00
0x50	 17:37:31.498	0.0000	0.0000	0.0000	0.0000	0.0000	0.0000	0.0110	-1.8402	-0.0055	0.00
0x50	 17:37:31.498	0.0000	0.0000	0.0000	0.0000	0.0000	0.0000	0.0165	-61.7981	-0.0110	0.00
0x50	 17:37:31.640	1.0000	0.0000	0.0000	0.0000	0.0000	0.0000	0.0055	88.8464	0.0055	0.00
0x50	 17:37:31.640	1.0000	0.0000	0.0000	0.0000	0.0000	0.0000	0.0110	-1.7413	-0.0055	0.00
0x50	 17:37:31.640	1.0000	0.0000	0.0000	0.0000	0.0000	0.0000	0.0165	-61.7926	-0.0110	0.00
0x50	 17:37:31.701	2.0000	0.0000	0.0000	0.0000	0.0000	0.0000	0.0055	82.5238	0.0055	0.00
0x50	 17:37:31.701	2.0000	0.0000	0.0000	0.0000	0.0000	0.0000	0.0110	-1.6589	-0.0055	0.00
0x50	 17:37:31.701	2.0000	0.0000	0.0000	0.0000	0.0000	0.0000	0.0165	-61.7816	-0.0110	0.00
0x50	 17:37:31.833	3.0000	0.0000	0.0000	0.0000	0.0000	0.0000	0.0055	77.8546	0.0055	0.00
0x50	 17:37:31.833	3.0000	0.0000	0.0000	0.0000	0.0000	0.0000	0.0110	-1.5820	-0.0055	0.00
0x50	 17:37:31.833	3.0000	0.0000	0.0000	0.0000	0.0000	0.0000	0.0165	-61.7761	-0.0110	0.00
0x50	 17:37:31.898	4.0000	0.0000	0.0000	0.0000	0.0000	0.0000	0.0055	79.8212	0.0055	0.00
0x50	 17:37:31.900	4.0000	0.0000	0.0000	0.0000	0.0000	0.0000	0.0110	-1.5051	-0.0055	0.00
0x50	 17:37:31.900	4.0000	0.0000	0.0000	0.0000	0.0000	0.0000	0.0165	-61.7871	-0.0110	0.00
0x50	 17:37:32.028	5.0000	0.0000	0.0000	0.0000	0.0000	0.0000	0.0055	81.9470	0.0055	0.00
0x50	 17:37:32.028	5.0000	0.0000	0.0000	0.0000	0.0000	0.0000	0.0110	-1.4337	-0.0055	0.00
0x50	 17:37:32.028	5.0000	0.0000	0.0000	0.0000	0.0000	0.0000	0.0165	-61.7981	-0.0110	0.00
0x50	 17:37:32.100	6.0000	0.0000	0.0000	0.0000	0.0000	0.0000	0.0055	77.7173	0.0055	0.00
0x50	 17:37:32.100	6.0000	0.0000	0.0000	0.0000	0.0000	0.0000	0.0110	-1.3678	-0.0055	0.00
0x50	 17:37:32.100	6.0000	0.0000	0.0000	0.0000	0.0000	0.0000	0.0165	-61.7926	-0.0110	0.00
0x50	 17:37:32.235	7.0000	0.0000	0.0000	0.0000	0.0000	0.0000	0.0055	74.0259	0.0055	0.00
0x50	 17:37:32.235	7.0000	0.0000	0.0000	0.0000	0.0000	0.0000	0.0110	-1.3019	-0.0055	0.00
0x50	 17:37:32.235	7.0000	0.0000	0.0000	0.0000	0.0000	0.0000	0.0165	-61.7871	-0.0110	0.00
0x50	 17:37:32.298	8.0000	0.0000	0.0000	0.0000	0.0000	0.0000	0.0055	78.1238	0.0055	0.00
0x50	 17:37:32.298	8.0000	0.0000	0.0000	0.0000	0.0000	0.0000	0.0110	-1.2360	-0.0055	0.00
0x50	 17:37:32.298	8.0000	0.0000	0.0000	0.0000	0.0000	0.0000	0.0165	-61.8036	-0.0110	0.00
0x50	 17:37:32.441	9.0000	0.0000	0.0000	0.0000	0.0000	0.0000	0.0055	75.0421	0.0055	0.00
0x50	 17:37:32.441	9.0000	0.0000	0.0000	0.0000	0.0000	0.0000	0.0110	-1.1700	-0.0055	0.00
0x50	 17:37:32.441	9.0000	0.0000	0.0000	0.0000	0.0000	0.0000	0.0165	-61.8036	-0.0110	0.00
0x50	 17:37:32.498	10.0000	0.0000	0.0000	0.0000	0.0000	0.0000	0.0055	78.2007	0.0055	0.00
0x50	 17:37:32.498	10.0000	0.0000	0.0000	0.0000	0.0000	0.0000	0.0110	-1.1096	-0.0055	0.00
0x50	 17:37:32.498	10.0000	0.0000	0.0000	0.0000	0.0000	0.0000	0.0165	-61.8146	-0.0110	0.00
0x50	 17:37:32.634	11.0000	0.0000	0.0000	0.0000	0.0000	0.0000	0.0055	84.8529	0.0055	0.00
0x50	 17:37:32.634	11.0000	0.0000	0.0000	0.0000	0.0000	0.0000	0.0110	-1.0547	-0.0055	0.00
0x50	 17:37:32.634	11.0000	0.0000	0.0000	0.0000	0.0000	0.0000	0.0165	-61.8256	-0.0110	0.00
0x50	 17:37:32.697	12.0000	0.0000	0.0000	0.0000	0.0000	0.0000	0.0055	86.5009	0.0055	0.00
0x50	 17:37:32.698	12.0000	0.0000	0.0000	0.0000	0.0000	0.0000	0.0110	-1.0052	-0.0055	0.00
0x50	 17:37:32.698	12.0000	0.0000	0.0000	0.0000	0.0000	0.0000	0.0165	-61.8311	-0.0110	0.00
0x50	 17:37:32.805	13.0000	0.0000	0.0000	0.0000	0.0000	0.0000	0.0055	79.5685	0.0055	0.00
0x50	 17:37:32.805	13.0000	0.0000	0.0000	0.0000	0.0000	0.0000	0.0110	-0.9613	-0.0055	0.00
0x50	 17:37:32.805	13.0000	0.0000	0.0000	0.0000	0.0000	0.0000	0.0165	-61.8256	-0.0110	0.00
0x50	 17:37:32.898	14.0000	0.0000	0.0000	0.0000	0.0000	0.0000	0.0055	82.9303	0.0055	0.00
0x50	 17:37:32.898	14.0000	0.0000	0.0000	0.0000	0.0000	0.0000	0.0110	-0.9119	-0.0055	0.00
0x50	 17:37:32.899	14.0000	0.0000	0.0000	0.0000	0.0000	0.0000	0.0165	-61.8365	-0.0110	0.00
0x50	 17:37:33.000	15.0000	0.0000	0.0000	0.0000	0.0000	0.0000	0.0055	74.9103	0.0055	0.00
0x50	 17:37:33.000	15.0000	0.0000	0.0000	0.0000	0.0000	0.0000	0.0110	-0.8679	-0.0055	0.00
0x50	 17:37:33.000	15.0000	0.0000	0.0000	0.0000	0.0000	0.0000	0.0165	-61.8256	-0.0110	0.00
0x50	 17:37:33.099	-16.0000	0.0000	0.0000	0.0000	0.0000	0.0000	0.0055	69.3512	0.0055	0.00
0x50	 17:37:33.100	-16.0000	0.0000	0.0000	0.0000	0.0000	0.0000	0.0110	-0.8240	-0.0055	0.00
0x50	 17:37:33.100	-16.0000	0.0000	0.0000	0.0000	0.0000	0.0000	0.0165	-61.8201	-0.0110	0.00
0x50	 17:37:33.205	-15.0000	0.0000	0.0000	0.0000	0.0000	0.0000	0.0055	86.0889	0.0055	0.00
0x50	 17:37:33.205	-15.0000	0.0000	0.0000	0.0000	0.0000	0.0000	0.0110	-0.7910	-0.0055	0.00
0x50	 17:37:33.205	-15.0000	0.0000	0.0000	0.0000	0.0000	0.0000	0.0165	-61.8475	-0.0110	0.00
0x50	 17:37:33.298	-14.0000	0.0000	0.0000	0.0000	0.0000	0.0000	0.0055	82.5238	0.0055	0.00
0x50	 17:37:33.300	-14.0000	0.0000	0.0000	0.0000	0.0000	0.0000	0.0110	-0.7526	-0.0055	0.00
0x50	 17:37:33.300	-14.0000	0.0000	0.0000	0.0000	0.0000	0.0000	0.0165	-61.8475	-0.0110	0.00
0x50	 17:37:33.399	-13.0000	0.0000	0.0000	0.0000	0.0000	0.0000	0.0055	92.9388	0.0055	0.00
0x50	 17:37:33.400	-13.0000	0.0000	0.0000	0.0000	0.0000	0.0000	0.0110	-0.7196	-0.0055	0.00
0x50	 17:37:33.400	-13.0000	0.0000	0.0000	0.0000	0.0000	0.0000	0.0165	-61.8585	-0.0110	0.00
0x50	 17:37:33.497	-12.0000	0.0000	0.0000	0.0000	0.0000	0.0000	0.0055	92.2632	0.0055	0.00
0x50	 17:37:33.499	-12.0000	0.0000	0.0000	0.0000	0.0000	0.0000	0.0110	-0.6812	-0.0055	0.00
0x50	 17:37:33.499	-12.0000	0.0000	0.0000	0.0000	0.0000	0.0000	0.0165	-61.8585	-0.0110	0.00
0x50	 17:37:33.598	-11.0000	0.0000	0.0000	0.0000	0.0000	0.0000	0.0055	85.6769	0.0055	0.00
0x50	 17:37:33.600	-11.0000	0.0000	0.0000	0.0000	0.0000	0.0000	0.0110	-0.6482	-0.0055	0.00
0x50	 17:37:33.600	-11.0000	0.0000	0.0000	0.0000	0.0000	0.0000	0.0165	-61.8530	-0.0110	0.00
0x50	 17:37:33.697	-10.0000	0.0000	0.0000	0.0000	0.0000	0.0000	0.0055	84.9133	0.0055	0.00
0x50	 17:37:33.698	-10.0000	0.0000	0.0000	0.0000	0.0000	0.0000	0.0110	-0.6207	-0.0055	0.00
0x50	 17:37:33.698	-10.0000	0.0000	0.0000	0.0000	0.0000	0.0000	0.0165	-61.8585	-0.0110	0.00
0x50	 17:37:33.797	-9.0000	0.0000	0.0000	0.0000	0.0000	0.0000	0.0055	94.6637	0.0055	0.00
0x50	 17:37:33.798	-9.0000	0.0000	0.0000	0.0000	0.0000	0.0000	0.0110	-0.5878	-0.0055	0.00
0x50	 17:37:33.798	-9.0000	0.0000	0.0000	0.0000	0.0000	0.0000	0.0165	-61.8695	-0.0110	0.00
0x50	 17:37:33.898	-8.0000	0.0000	0.0000	0.0000	0.0000	0.0000	0.0055	98.6188	0.0055	0.00
0x50	 17:37:33.898	-8.0000	0.0000	0.0000	0.0000	0.0000	0.0000	0.0110	-1.8127	-0.0055	0.00
0x50	 17:37:33.898	-8.0000	0.0000	0.0000	0.0000	0.0000	0.0000	0.0165	-61.8036	-0.0110	0.00
0x50	 17:37:33.999	-7.0000	0.0000	0.0000	0.0000	0.0000	0.0000	0.0055	106.8475	0.0055	0.00
0x50	 17:37:34.000	-7.0000	0.0000	0.0000	0.0000	0.0000	0.0000	0.0110	-1.7249	-0.0055	0.00
0x50	 17:37:34.000	-7.0000	0.0000	0.0000	0.0000	0.0000	0.0000	0.0165	-61.8311	-0.0110	0.00
0x50	 17:37:34.097	-6.0000	0.0000	0.0000	0.0000	0.0000	0.0000	0.0055	103.2220	0.0055	0.00
0x50	 17:37:34.098	-6.0000	0.0000	0.0000	0.0000	0.0000	0.0000	0.0110	-1.6425	-0.0055	0.00
0x50	 17:37:34.098	-6.0000	0.0000	0.0000	0.0000	0.0000	0.0000	0.0165	-61.8256	-0.0110	0.00
0x50	 17:37:34.198	-5.0000	0.0000	0.0000	0.0000	0.0000	0.0000	0.0055	99.0033	0.0055	0.00
0x50	 17:37:34.199	-5.0000	0.0000	0.0000	0.0000	0.0000	0.0000	0.0110	-1.5601	-0.0055	0.00
0x50	 17:37:34.200	-5.0000	0.0000	0.0000	0.0000	0.0000	0.0000	0.0165	-61.8146	-0.0110	0.00
0x50	 17:37:34.304	-4.0000	0.0000	0.0000	0.0000	0.0000	0.0000	0.0055	103.4418	0.0055	0.00
0x50	 17:37:34.304	-4.0000	0.0000	0.0000	0.0000	0.0000	0.0000	0.0110	-2.7411	-0.0055	0.00
0x50	 17:37:34.304	-4.0000	0.0000	0.0000	0.0000	0.0000	0.0000	0.0165	-61.7706	-0.0110	0.00
0x50	 17:37:34.397	-3.0000	0.0000	0.0000	0.0000	0.0000	0.0000	0.0055	97.2070	0.0055	0.00
0x50	 17:37:34.398	-3.0000	0.0000	0.0000	0.0000	0.0000	0.0000	0.0110	-2.5983	-0.0055	0.00
0x50	 17:37:34.398	-3.0000	0.0000	0.0000	0.0000	0.0000	0.0000	0.0165	-61.7487	-0.0110	0.00
0x50	 17:37:34.498	-2.0000	0.0000	0.0000	0.0000	0.0000	0.0000	0.0055	91.1481	0.0055	0.00
0x50	 17:37:34.503	-2.0000	0.0000	0.0000	0.0000	0.0000	0.0000	0.0110	-2.4829	-0.0055	0.00
0x50	 17:37:34.503	-2.0000	0.0000	0.0000	0.0000	0.0000	0.0000	0.0165	-61.7322	-0.0110	0.00
0x50	 17:37:34.597	-1.0000	0.0000	0.0000	0.0000	0.0000	0.0000	0.0055	91.9281	0.0055	0.00
0x50	 17:37:34.598	-1.0000	0.0000	0.0000	0.0000	0.0000	0.0000	0.0110	-3.6255	-0.0055	0.00
0x50	 17:37:34.598	-1.0000	0.0000	0.0000	0.0000	0.0000	0.0000	0.0165	-61.6553	-0.0110	0.00
0x50	 17:37:34.700	0.0000	0.0000	0.0000	0.0000	0.0000	0.0000	0.0055	93.2739	0.0055	0.00
0x50	 17:37:34.795	0.0000	0.0000	0.0000	0.0000	0.0000	0.0000	0.0110	-3.4497	-0.0055	0.00
0x50	 17:37:34.795	0.0000	0.0000	0.0000	0.0000	0.0000	0.0000	0.0165	-61.6772	-0.0110	0.00
0x50	 17:37:34.797	1.0000	0.0000	0.0000	0.0000	0.0000	0.0000	0.0055	82.8534	0.0055	0.00
0x50	 17:37:34.798	1.0000	0.0000	0.0000	0.0000	0.0000	0.0000	0.0110	-3.2904	-0.0055	0.00
0x50	 17:37:34.798	1.0000	0.0000	0.0000	0.0000	0.0000	0.0000	0.0165	-61.6333	-0.0110	0.00
0x50	 17:37:34.897	2.0000	0.0000	0.0000	0.0000	0.0000	0.0000	0.0055	80.7825	0.0055	0.00
0x50	 17:37:34.898	2.0000	0.0000	0.0000	0.0000	0.0000	0.0000	0.0110	-3.1256	-0.0055	0.00
0x50	 17:37:34.898	2.0000	0.0000	0.0000	0.0000	0.0000	0.0000	0.0165	-61.6333	-0.0110	0.00
0x50	 17:37:34.998	3.0000	0.0000	0.0000	0.0000	0.0000	0.0000	0.0055	82.2876	0.0055	0.00
0x50	 17:37:35.000	3.0000	0.0000	0.0000	0.0000	0.0000	0.0000	0.0110	-2.9718	-0.0055	0.00
0x50	 17:37:35.000	3.0000	0.0000	0.0000	0.0000	0.0000	0.0000	0.0165	-61.6553	-0.0110	0.00
0x50	 17:37:35.098	4.0000	-0.0044	0.0610	0.0000	0.0000	0.0000	0.0055	79.5245	0.0055	0.00
0x50	 17:37:35.098	4.0000	-0.0044	0.0610	0.0000	0.0000	0.0000	0.0110	-2.8235	-0.0055	0.00
0x50	 17:37:35.098	4.0000	-0.0044	0.0610	0.0000	0.0000	0.0000	0.0165	-61.6553	-0.0110	0.00
0x50	 17:37:35.198	5.0000	0.0000	0.0000	0.0000	0.0000	0.0000	0.0055	80.1508	0.0055	0.00
0x50	 17:37:35.199	5.0000	0.0000	0.0000	0.0000	0.0000	0.0000	0.0110	-2.6862	-0.0055	0.00
0x50	 17:37:35.199	5.0000	0.0000	0.0000	0.0000	0.0000	0.0000	0.0165	-61.6663	-0.0110	0.00
0x50	 17:37:35.298	6.0000	0.0000	0.0000	0.0000	0.0000	0.0000	0.0055	81.7493	0.0055	0.00
0x50	 17:37:35.298	6.0000	0.0000	0.0000	0.0000	0.0000	0.0000	0.0110	-2.5598	-0.0055	0.00
0x50	 17:37:35.298	6.0000	0.0000	0.0000	0.0000	0.0000	0.0000	0.0165	-61.6882	-0.0110	0.00
0x50	 17:37:35.397	7.0000	0.0000	0.0000	0.0000	0.0000	0.0000	0.0055	86.2262	0.0055	0.00
0x50	 17:37:35.398	7.0000	0.0000	0.0000	0.0000	0.0000	0.0000	0.0110	-2.4390	-0.0055	0.00
0x50	 17:37:35.398	7.0000	0.0000	0.0000	0.0000	0.0000	0.0000	0.0165	-61.7157	-0.0110	0.00
0x50	 17:37:35.517	8.0000	0.0000	0.0000	0.0000	0.0000	0.0000	0.0055	84.5892	0.0055	0.00
0x50	 17:37:35.517	8.0000	0.0000	0.0000	0.0000	0.0000	0.0000	0.0110	-2.3181	-0.0055	0.00
0x50	 17:37:35.517	8.0000	0.0000	0.0000	0.0000	0.0000	0.0000	0.0165	-61.7157	-0.0110	0.00
0x50	 17:37:35.597	9.0000	0.0000	0.0000	0.0000	0.0000	0.0000	0.0055	89.0991	0.0055	0.00
0x50	 17:37:35.598	9.0000	0.0000	0.0000	0.0000	0.0000	0.0000	0.0110	-2.2083	-0.0055	0.00
0x50	 17:37:35.598	9.0000	0.0000	0.0000	0.0000	0.0000	0.0000	0.0165	-61.7432	-0.0110	0.00
0x50	 17:37:35.697	10.0000	0.0000	0.0000	0.0000	0.0000	0.0000	0.0055	88.6267	0.0055	0.00
0x50	 17:37:35.698	10.0000	0.0000	0.0000	0.0000	0.0000	0.0000	0.0110	-2.1039	-0.0055	0.00
0x50	 17:37:35.698	10.0000	0.0000	0.0000	0.0000	0.0000	0.0000	0.0165	-61.7487	-0.0110	0.00
0x50	 17:37:35.810	11.0000	0.0000	0.0000	0.0000	0.0000	0.0000	0.0055	88.8300	0.0055	0.00
0x50	 17:37:35.810	11.0000	0.0000	0.0000	0.0000	0.0000	0.0000	0.0110	-2.0050	-0.0055	0.00
0x50	 17:37:35.810	11.0000	0.0000	0.0000	0.0000	0.0000	0.0000	0.0165	-61.7542	-0.0110	0.00
