StartTime: 2021-12-24 18:44:00.671
address	Time(s)	ax(g)	ay(g)	az(g)	wx(deg/s)	wy(deg/s)	wz(deg/s)	AngleX(deg)	AngleY(deg)	AngleZ(deg)	T(°)	hx	hy	hz
0x50	 18:44:00.671	9.0000	0.0000	0.0000	0.0000	0.0000	0.0000	0.0165	-78.0743	-0.0110	0.00	6025	0	0
0x50	 18:44:00.803	10.0000	0.0000	0.0000	0.0000	0.0000	0.0000	0.0165	-78.1512	-0.0110	0.00	6026	0	0
0x50	 18:44:00.871	11.0000	0.0000	0.0000	0.0000	0.0000	0.0000	0.0165	-78.2117	-0.0110	0.00	6027	0	0
0x50	 18:44:01.001	12.0000	0.0000	0.0000	0.0000	0.0000	0.0000	0.0165	-78.2446	-0.0110	0.00	6028	0	0
0x50	 18:44:01.071	13.0000	0.0000	0.0000	0.0000	0.0000	0.0000	0.0165	-78.2941	-0.0110	0.00	6029	0	0
0x50	 18:44:01.170	14.0000	0.0000	0.0000	0.0000	0.0000	0.0000	0.0165	-78.3655	-0.0110	0.00	6030	0	0
0x50	 18:44:01.271	15.0000	0.0000	0.0000	0.0000	0.0000	0.0000	0.0165	-78.4149	-0.0110	0.00	6031	0	0
0x50	 18:44:01.371	-16.0000	0.0000	0.0000	0.0000	0.0000	0.0000	0.0165	-78.4918	-0.0110	0.00	6032	0	0
0x50	 18:44:01.470	-15.0000	0.0000	0.0000	0.0000	0.0000	0.0000	0.0165	-78.5083	-0.0110	0.00	6033	0	0
0x50	 18:44:01.570	-14.0000	0.0000	0.0000	0.0000	0.0000	0.0000	0.0165	-78.5522	-0.0110	0.00	6034	0	0
0x50	 18:44:01.670	-13.0000	0.0000	0.0000	0.0000	0.0000	0.0000	0.0165	-78.6072	-0.0110	0.00	6035	0	0
0x50	 18:44:01.770	-12.0000	0.0000	0.0000	0.0000	0.0000	0.0000	0.0165	-78.6346	-0.0110	0.00	6036	0	0
0x50	 18:44:01.870	-11.0000	0.0000	0.0000	0.0000	0.0000	0.0000	0.0165	-78.6786	-0.0110	0.00	6037	0	0
0x50	 18:44:01.971	-10.0000	0.0000	0.0000	0.0000	0.0000	0.0000	0.0165	-78.7115	-0.0110	0.00	6038	0	0
0x50	 18:44:02.071	-9.0000	0.0000	0.0000	0.0000	0.0000	0.0000	0.0165	-78.7610	-0.0110	0.00	6039	0	0
0x50	 18:44:02.172	-8.0000	0.0000	0.0000	0.0000	0.0000	0.0000	0.0165	-78.7830	-0.0110	0.00	6040	0	0
0x50	 18:44:02.270	-7.0000	0.0000	0.0000	0.0000	0.0000	0.0000	0.0165	-78.8214	-0.0110	0.00	6041	0	0
0x50	 18:44:02.370	-6.0000	0.0000	0.0000	0.0000	0.0000	0.0000	0.0165	-78.8599	-0.0110	0.00	6042	0	0
0x50	 18:44:02.471	-5.0000	0.0000	0.0000	-3.9063	0.3662	1.8311	0.0165	-78.0029	-0.0110	0.00	6043	0	0
0x50	 18:44:02.570	-4.0000	0.0000	0.0000	-20.6909	3.5400	-36.2549	0.0165	-76.0803	-0.0110	0.00	6044	0	0
0x50	 18:44:02.671	-3.0000	0.0000	0.0000	-169.9219	385.9253	5.3711	0.0165	-40.3802	-0.0110	0.00	6045	0	0
0x50	 18:44:02.770	-2.0000	0.0000	0.0000	183.9600	108.0933	91.6748	0.0165	64.9182	-0.0055	0.00	6046	0	0
0x50	 18:44:02.870	-1.0000	0.0000	0.0000	76.1108	95.7642	145.9351	0.0165	100.8435	-0.0055	0.00	6047	0	0
0x50	 18:44:02.970	0.0000	0.0000	0.0000	-159.1187	-132.5684	-86.1816	0.0165	91.4996	-0.0055	0.00	6048	0	0
0x50	 18:44:03.070	1.0000	0.0000	0.0000	164.7339	-80.3223	-2.4414	0.0165	34.8322	-0.0055	0.00	6049	0	0
0x50	 18:44:03.171	2.0000	0.0000	0.0000	-110.4736	-24.7803	94.1772	0.0165	38.4192	-0.0055	0.00	6050	0	0
0x50	 18:44:03.270	3.0000	0.0000	0.0000	30.8838	-135.3760	-243.9575	0.0165	-18.1989	-0.0110	0.00	6051	0	0
0x50	 18:44:03.370	4.0000	0.0000	0.0000	-54.4434	45.1660	139.7705	0.0165	-15.7379	-0.0110	0.00	6052	0	0
0x50	 18:44:03.471	5.0000	0.0000	0.0000	29.1138	-22.3999	-32.5928	0.0165	-2.5763	-0.0110	0.00	6053	0	0
0x50	 18:44:03.570	6.0000	0.0000	0.0000	101.5015	-207.7637	-21.4844	0.0165	-113.6865	-0.0110	0.00	6054	0	0
0x50	 18:44:03.681	7.0000	0.0000	0.0000	-6.0425	-265.9912	104.6753	0.0165	144.7449	-0.0110	0.00	6055	0	0
0x50	 18:44:03.770	8.0000	0.0000	0.0000	42.4194	-260.4370	-26.5503	0.0165	-39.0399	-0.0165	0.00	6056	0	0
0x50	 18:44:03.884	9.0000	0.0000	0.0000	0.7935	-102.2339	42.1143	0.0165	-164.0479	-0.0165	0.00	6057	0	0
0x50	 18:44:03.971	10.0000	0.0000	0.0000	-53.5889	42.2974	-146.4844	0.0165	-134.9341	-0.0165	0.00	6058	0	0
0x50	 18:44:04.070	11.0000	0.0000	0.0000	234.0698	19.7754	296.3867	0.0165	-138.7079	-0.0165	0.00	6059	0	0
0x50	 18:44:04.170	12.0000	0.0000	0.0000	-214.4775	-284.5459	-259.5825	0.0165	-118.6688	-0.0165	0.00	6060	0	0
0x50	 18:44:04.270	13.0000	0.0000	0.0000	222.1069	63.7817	274.9023	0.0165	-130.7428	-0.0165	0.00	6061	0	0
0x50	 18:44:04.370	14.0000	0.0000	0.0000	-166.4429	-84.4116	-220.2148	0.0165	-113.9832	-0.0165	0.00	6062	0	0
0x50	 18:44:04.471	15.0000	0.0000	0.0000	122.7417	88.6841	211.8530	0.0165	-108.9404	-0.0165	0.00	6063	0	0
0x50	 18:44:04.571	-16.0000	0.0000	0.0000	-71.7163	18.1274	-70.3125	0.0165	-100.3052	-0.0165	0.00	6064	0	0
0x50	 18:44:04.698	-15.0000	0.0000	0.0000	16.4185	53.4058	70.4346	0.0165	-57.9199	-0.0165	0.00	6065	0	0
0x50	 18:44:04.770	-14.0000	0.0000	0.0000	16.6626	372.7417	56.8237	0.0165	28.0975	-0.0110	0.00	6066	0	0
0x50	 18:44:04.884	-13.0000	0.0000	0.0000	16.9678	342.4072	-7.3853	0.0165	-95.7678	-0.0110	0.00	6067	0	0
0x50	 18:44:04.971	-12.0000	0.0000	0.0000	106.9946	249.9390	24.9023	0.0165	35.2332	-0.0055	0.00	6068	0	0
0x50	 18:44:05.082	-11.0000	0.0000	0.0000	60.2417	209.3506	-6.9580	0.0165	147.4475	-0.0055	0.00	6069	0	0
0x50	 18:44:05.170	-10.0000	0.0000	0.0000	42.4805	172.1802	3.1738	0.0165	-108.9624	-0.0055	0.00	6070	0	0
0x50	 18:44:05.270	-9.0000	0.0000	0.0000	51.6968	221.6187	-8.9111	0.0165	-31.7560	-0.0055	0.00	6071	0	0
0x50	 18:44:05.370	-8.0000	0.0000	0.0000	23.4985	203.8574	45.2881	0.0165	58.1451	0.0000	0.00	6072	0	0
0x50	 18:44:05.499	-7.0000	0.0000	0.0000	17.1509	-12.3291	-68.2983	0.0165	92.3785	0.0000	0.00	6073	0	0
0x50	 18:44:05.570	-6.0000	0.0000	0.0000	-93.3228	126.6479	96.8018	0.0165	103.1177	0.0000	0.00	6074	0	0
0x50	 18:44:05.677	-5.0000	0.0000	0.0000	58.4106	-210.9985	-131.2866	0.0165	35.4803	0.0000	0.00	6075	0	0
0x50	 18:44:05.770	-4.0000	0.0000	0.0000	-69.0308	43.8232	73.6694	0.0165	-29.3280	-0.0055	0.00	6076	0	0
0x50	 18:44:05.870	-3.0000	0.0000	0.0000	-2.6855	-96.1304	-41.0767	0.0165	-66.9562	-0.0055	0.00	6077	0	0
0x50	 18:44:05.970	-2.0000	0.0000	0.0000	15.0757	-138.4888	-36.6211	0.0165	-145.1624	-0.0055	0.00	6078	0	0
0x50	 18:44:06.071	-1.0000	0.0000	0.0000	-18.8599	-136.5967	-45.8984	0.0165	136.4557	-0.0055	0.00	6079	0	0
0x50	 18:44:06.170	0.0000	0.0000	0.0000	-29.2358	-62.0728	-21.7285	0.0165	66.2256	-0.0055	0.00	6080	0	0
0x50	 18:44:06.301	1.0000	0.0000	0.0000	0.0610	-56.2744	-32.1045	0.0165	21.2256	-0.0055	0.00	6081	0	0
0x50	 18:44:06.370	2.0000	0.0000	0.0000	31.7993	-30.5176	0.1221	0.0165	-12.6013	-0.0110	0.00	6082	0	0
0x50	 18:44:06.506	3.0000	0.0000	0.0000	24.4141	-83.0688	-11.1084	0.0165	-43.7091	-0.0110	0.00	6083	0	0
0x50	 18:44:06.571	4.0000	0.0000	0.0000	34.3628	-125.7324	-7.0190	0.0165	-87.4402	-0.0110	0.00	6084	0	0
0x50	 18:44:06.688	5.0000	0.0000	0.0000	17.5171	-0.6104	-11.9019	0.0165	-167.6349	-0.0110	0.00	6085	0	0
0x50	 18:44:06.770	6.0000	0.0000	0.0000	10.3760	0.8545	-6.0425	0.0165	-163.7952	-0.0110	0.00	6086	0	0
0x50	 18:44:06.870	7.0000	0.0000	0.0000	12.0239	1.1597	-6.9580	0.0165	-158.9117	-0.0110	0.00	6087	0	0
0x50	 18:44:06.970	8.0000	0.0000	0.0000	4.2114	0.3052	-1.7090	0.0165	-154.6600	-0.0110	0.00	6088	0	0
0x50	 18:44:07.117	9.0000	0.0000	0.0000	2.6245	0.1221	-0.9766	0.0165	-150.3754	-0.0110	0.00	6089	0	0
0x50	 18:44:07.171	10.0000	0.0000	0.0000	1.9531	0.0610	-0.5493	0.0165	-147.1783	-0.0110	0.00	6090	0	0
0x50	 18:44:07.313	11.0000	0.0000	0.0000	1.5259	0.0610	-0.4883	0.0165	-143.6572	-0.0110	0.00	6091	0	0
0x50	 18:44:07.371	12.0000	0.0000	0.0000	1.1597	0.0000	-0.3662	0.0165	-140.3229	-0.0110	0.00	6092	0	0
0x50	 18:44:07.513	13.0000	0.0000	0.0000	1.0376	0.0000	-0.2441	0.0165	-137.0105	-0.0110	0.00	6093	0	0
0x50	 18:44:07.570	14.0000	0.0000	0.0000	1.0376	0.0000	-0.3052	0.0165	-134.6045	-0.0110	0.00	6094	0	0
0x50	 18:44:07.717	15.0000	0.0000	0.0000	0.9155	0.0000	-0.2441	0.0165	-131.5338	-0.0110	0.00	6095	0	0
0x50	 18:44:07.770	-16.0000	0.0000	0.0000	0.7935	0.0000	-0.1831	0.0165	-128.7158	-0.0110	0.00	6096	0	0
0x50	 18:44:07.897	-15.0000	0.0000	0.0000	0.6714	0.0000	-0.1221	0.0165	-126.4856	-0.0110	0.00	6097	0	0
0x50	 18:44:07.970	-14.0000	0.0000	0.0000	0.6104	0.0000	-0.1831	0.0165	-123.9423	-0.0110	0.00	6098	0	0
0x50	 18:44:08.070	-13.0000	0.0000	0.0000	0.5493	0.0000	-0.1221	0.0165	-121.4648	-0.0110	0.00	6099	0	0
0x50	 18:44:08.170	-12.0000	0.0000	0.0000	0.5493	0.0000	0.0000	0.0165	-119.1632	-0.0110	0.00	6100	0	0
0x50	 18:44:08.270	-11.0000	0.0000	0.0000	0.4272	0.0000	0.0000	0.0165	-117.1198	-0.0110	0.00	6101	0	0
0x50	 18:44:08.370	-10.0000	0.0000	0.0000	0.4883	0.0000	0.0000	0.0165	-115.3619	-0.0110	0.00	6102	0	0
0x50	 18:44:08.469	-9.0000	0.0000	0.0000	0.4272	0.0000	0.0000	0.0165	-113.4393	-0.0110	0.00	6103	0	0
0x50	 18:44:08.570	-8.0000	0.0000	0.0000	0.6714	0.0000	0.0000	0.0165	-111.5826	-0.0110	0.00	6104	0	0
0x50	 18:44:08.673	-7.0000	0.0000	0.0000	0.1221	0.0000	0.0000	0.0165	-109.9127	-0.0110	0.00	6105	0	0
0x50	 18:44:08.770	-6.0000	0.0000	0.0000	0.3052	0.0000	0.0000	0.0165	-108.1329	-0.0110	0.00	6106	0	0
0x50	 18:44:08.871	-5.0000	0.0000	0.0000	0.1831	0.0000	0.0000	0.0165	-106.5289	-0.0110	0.00	6107	0	0
0x50	 18:44:08.970	-4.0000	0.0000	0.0000	0.2441	0.0000	0.0000	0.0165	-105.0293	-0.0110	0.00	6108	0	0
0x50	 18:44:09.072	-3.0000	0.0000	0.0000	0.2441	0.0000	0.0000	0.0165	-103.7384	-0.0110	0.00	6109	0	0
0x50	 18:44:09.170	-2.0000	0.0000	0.0000	0.1831	0.0000	0.0000	0.0165	-102.6288	-0.0110	0.00	6110	0	0
0x50	 18:44:09.270	-1.0000	0.0000	0.0000	0.1831	0.0000	0.0000	0.0165	-101.5466	-0.0110	0.00	6111	0	0
0x50	 18:44:09.370	0.0000	0.0000	0.0000	0.1831	0.0000	0.0000	0.0165	-100.3326	-0.0110	0.00	6112	0	0
0x50	 18:44:09.470	1.0000	0.0000	0.0000	0.1831	0.0000	0.0000	0.0165	-99.3219	-0.0110	0.00	6113	0	0
0x50	 18:44:09.570	2.0000	0.0000	0.0000	0.1831	0.0000	0.0000	0.0165	-98.3606	-0.0110	0.00	6114	0	0
0x50	 18:44:09.673	3.0000	0.0000	0.0000	0.1221	0.0000	0.0000	0.0165	-97.4542	-0.0110	0.00	6115	0	0
0x50	 18:44:09.770	4.0000	0.0000	0.0000	0.1221	0.0000	0.0000	0.0165	-96.6302	-0.0110	0.00	6116	0	0
0x50	 18:44:09.871	5.0000	0.0000	0.0000	0.1221	0.0000	0.0000	0.0165	-95.6689	-0.0110	0.00	6117	0	0
0x50	 18:44:09.970	6.0000	0.0000	0.0000	0.0610	0.0000	0.0000	0.0165	-94.8175	-0.0110	0.00	6118	0	0
0x50	 18:44:10.070	7.0000	0.0000	0.0000	0.1221	0.0000	0.0000	0.0165	-94.1858	-0.0110	0.00	6119	0	0
0x50	 18:44:10.170	8.0000	0.0000	0.0000	0.1221	0.0000	0.0000	0.0165	-93.4058	-0.0110	0.00	6120	0	0
0x50	 18:44:10.270	9.0000	0.0000	0.0000	0.0610	0.0000	0.0000	0.0165	-92.7081	-0.0110	0.00	6121	0	0
0x50	 18:44:10.370	10.0000	0.0000	0.0000	0.0610	0.0000	0.0000	0.0165	-91.9995	-0.0110	0.00	6122	0	0
0x50	 18:44:10.470	11.0000	0.0000	0.0000	0.0610	0.0000	0.0000	0.0165	-91.4557	-0.0110	0.00	6123	0	0
0x50	 18:44:10.570	12.0000	0.0000	0.0000	0.0000	0.0000	0.0000	0.0165	-90.9338	-0.0110	0.00	6124	0	0
0x50	 18:44:10.670	13.0000	0.0000	0.0000	0.0000	0.0000	0.0000	0.0165	-90.3131	-0.0110	0.00	6125	0	0
0x50	 18:44:10.770	14.0000	0.0000	0.0000	0.0000	0.0000	0.0000	0.0165	-89.7748	-0.0110	0.00	6126	0	0
0x50	 18:44:10.870	15.0000	0.0000	0.0000	0.0000	0.0000	0.0000	0.0165	-89.3134	-0.0110	0.00	6127	0	0
0x50	 18:44:10.975	-16.0000	0.0000	0.0000	0.0000	0.0000	0.0000	0.0165	-88.7915	-0.0110	0.00	6128	0	0
0x50	 18:44:11.070	-15.0000	0.0000	0.0000	0.0000	0.0000	0.0000	0.0165	-88.3685	-0.0110	0.00	6129	0	0
0x50	 18:44:11.169	-14.0000	0.0000	0.0000	0.0000	0.0000	0.0000	0.0165	-87.8632	-0.0110	0.00	6130	0	0
0x50	 18:44:11.270	-13.0000	0.0000	0.0000	0.0000	0.0000	0.0000	0.0165	-87.4237	-0.0110	0.00	6131	0	0
0x50	 18:44:11.370	-12.0000	0.0000	0.0000	0.0000	0.0000	0.0000	0.0165	-87.0502	-0.0110	0.00	6132	0	0
0x50	 18:44:11.470	-11.0000	0.0000	0.0000	0.0000	0.0000	0.0000	0.0165	-86.6492	-0.0110	0.00	6133	0	0
0x50	 18:44:11.580	-10.0000	0.0000	0.0000	0.0000	0.0000	0.0000	0.0165	-86.2701	-0.0110	0.00	6134	0	0
0x50	 18:44:11.670	-9.0000	0.0000	0.0000	0.0000	0.0000	0.0000	0.0165	-85.9735	-0.0110	0.00	6135	0	0
0x50	 18:44:11.770	-8.0000	0.0000	0.0000	0.0000	0.0000	0.0000	0.0165	-85.5890	-0.0110	0.00	6136	0	0
0x50	 18:44:11.870	-7.0000	0.0000	0.0000	0.0000	0.0000	0.0000	0.0165	-85.2814	-0.0110	0.00	6137	0	0
0x50	 18:44:11.970	-6.0000	0.0000	0.0000	0.0000	0.0000	0.0000	0.0165	-84.9957	-0.0110	0.00	6138	0	0
0x50	 18:44:12.070	-5.0000	0.0000	0.0000	0.0000	0.0000	0.0000	0.0165	-84.7540	-0.0110	0.00	6139	0	0
0x50	 18:44:12.207	-4.0000	0.0000	0.0000	0.0000	0.0000	0.0000	0.0165	-84.6112	-0.0110	0.00	6140	0	0
0x50	 18:44:12.270	-3.0000	0.0000	0.0000	0.0000	0.0000	0.0000	0.0165	-84.3915	-0.0110	0.00	6141	0	0
0x50	 18:44:12.404	-2.0000	0.0000	0.0000	0.0000	0.0000	0.0000	0.0165	-84.1718	-0.0110	0.00	6142	0	0
0x50	 18:44:12.470	-1.0000	0.0000	0.0000	0.0000	0.0000	0.0000	0.0165	-83.9575	-0.0110	0.00	6143	0	0
0x50	 18:44:12.595	0.0000	0.0000	0.0000	0.0000	0.0000	0.0000	0.0165	-83.7268	-0.0110	0.00	6144	0	0
0x50	 18:44:12.670	1.0000	0.0000	0.0000	0.0000	0.0000	0.0000	0.0165	-83.5236	-0.0110	0.00	6145	0	0
0x50	 18:44:12.778	2.0000	0.0000	0.0000	0.0000	0.0000	0.0000	0.0165	-83.3038	-0.0110	0.00	6146	0	0
0x50	 18:44:12.870	3.0000	0.0000	0.0000	0.0000	0.0000	0.0000	0.0165	-83.1226	-0.0110	0.00	6147	0	0
0x50	 18:44:12.970	4.0000	0.0000	0.0000	0.0000	0.0000	0.0000	0.0165	-82.9523	-0.0110	0.00	6148	0	0
0x50	 18:44:13.070	5.0000	0.0000	0.0000	0.0000	0.0000	0.0000	0.0165	-82.7655	-0.0110	0.00	6149	0	0
0x50	 18:44:13.191	6.0000	0.0000	0.0000	0.0000	0.0000	0.0000	0.0165	-82.5952	-0.0110	0.00	6150	0	0
0x50	 18:44:13.270	7.0000	0.0000	0.0000	0.0000	0.0000	0.0000	0.0165	-82.4634	-0.0110	0.00	6151	0	0
0x50	 18:44:13.386	8.0000	0.0000	0.0000	0.0000	0.0000	0.0000	0.0165	-82.3096	-0.0110	0.00	6152	0	0
0x50	 18:44:13.470	9.0000	0.0000	0.0000	0.0000	0.0000	0.0000	0.0165	-82.1832	-0.0110	0.00	6153	0	0
0x50	 18:44:13.570	10.0000	0.0000	0.0000	0.0000	0.0000	0.0000	0.0165	-82.0514	-0.0110	0.00	6154	0	0
0x50	 18:44:13.670	11.0000	0.0000	0.0000	0.0000	0.0000	0.0000	0.0165	-81.9196	-0.0110	0.00	6155	0	0
0x50	 18:44:13.770	12.0000	0.0000	0.0000	0.0000	0.0000	0.0000	0.0165	-81.8042	-0.0110	0.00	6156	0	0
0x50	 18:44:13.870	13.0000	0.0000	0.0000	0.0000	0.0000	0.0000	0.0165	-81.7108	-0.0110	0.00	6157	0	0
0x50	 18:44:13.970	14.0000	0.0000	0.0000	0.0000	0.0000	0.0000	0.0165	-81.6010	-0.0110	0.00	6158	0	0
0x50	 18:44:14.071	15.0000	0.0000	0.0000	0.0000	0.0000	0.0000	0.0165	-81.5021	-0.0110	0.00	6159	0	0
0x50	 18:44:14.200	-16.0000	0.0000	0.0000	0.0000	0.0000	0.0000	0.0165	-81.4087	-0.0110	0.00	6160	0	0
0x50	 18:44:14.270	-15.0000	0.0000	0.0000	0.0000	0.0000	0.0000	0.0165	-81.3153	-0.0110	0.00	6161	0	0
0x50	 18:44:14.369	-14.0000	0.0000	0.0000	0.0000	0.0000	0.0000	0.0165	-81.2274	-0.0110	0.00	6162	0	0
0x50	 18:44:14.470	-13.0000	0.0000	0.0000	0.0000	0.0000	0.0000	0.0165	-81.1395	-0.0110	0.00	6163	0	0
0x50	 18:44:14.570	-12.0000	0.0000	0.0000	0.0000	0.0000	0.0000	0.0165	-81.0516	-0.0110	0.00	6164	0	0
0x50	 18:44:14.670	-11.0000	0.0000	0.0000	0.0000	0.0000	0.0000	0.0165	-80.9857	-0.0110	0.00	6165	0	0
0x50	 18:44:14.770	-10.0000	0.0000	0.0000	0.0000	0.0000	0.0000	0.0165	-80.9253	-0.0110	0.00	6166	0	0
0x50	 18:44:14.869	-9.0000	0.0000	0.0000	0.0000	0.0000	0.0000	0.0165	-80.8594	-0.0110	0.00	6167	0	0
0x50	 18:44:14.970	-8.0000	0.0000	0.0000	0.0000	0.0000	0.0000	0.0165	-80.7935	-0.0110	0.00	6168	0	0
0x50	 18:44:15.070	-7.0000	0.0000	0.0000	0.0000	0.0000	0.0000	0.0165	-80.7330	-0.0110	0.00	6169	0	0
0x50	 18:44:15.169	-6.0000	0.0000	0.0000	0.0000	0.0000	0.0000	0.0165	-80.6781	-0.0110	0.00	6170	0	0
0x50	 18:44:15.270	-5.0000	0.0000	0.0000	0.0000	0.0000	0.0000	0.0165	-80.6122	-0.0110	0.00	6171	0	0
0x50	 18:44:15.370	-4.0000	0.0000	0.0000	0.0000	0.0000	0.0000	0.0165	-80.5518	-0.0110	0.00	6172	0	0
0x50	 18:44:15.470	-3.0000	0.0000	0.0000	0.0000	0.0000	0.0000	0.0165	-80.5078	-0.0110	0.00	6173	0	0
0x50	 18:44:15.570	-2.0000	0.0000	0.0000	0.0000	0.0000	0.0000	0.0165	-80.4529	-0.0110	0.00	6174	0	0
0x50	 18:44:15.669	-1.0000	0.0024	0.0000	0.0000	0.0000	0.0000	0.0165	-80.3979	-0.0110	0.00	6175	0	0
0x50	 18:44:15.770	0.0000	0.0000	0.0000	0.0000	0.0000	0.0000	0.0165	-80.3540	-0.0110	0.00	6176	0	0
0x50	 18:44:15.869	1.0000	0.0000	0.0000	0.0000	0.0000	0.0000	0.0165	-80.3101	-0.0110	0.00	6177	0	0
0x50	 18:44:15.970	2.0000	0.0000	0.0000	0.0000	0.0000	0.0000	0.0165	-80.2716	-0.0110	0.00	6178	0	0
0x50	 18:44:16.166	3.0000	0.0000	0.0000	0.0000	0.0000	0.0000	0.0165	-80.2332	-0.0110	0.00	6179	0	0
0x50	 18:44:16.170	4.0000	-0.0049	0.0610	0.0000	0.0000	0.0000	0.0165	-80.1947	-0.0110	0.00	6180	0	0
0x50	 18:44:16.270	5.0000	0.0000	0.0000	0.0000	0.0000	0.0000	0.0165	-80.1617	-0.0110	0.00	6181	0	0
0x50	 18:44:16.369	6.0000	0.0000	0.0000	0.0000	0.0000	0.0000	0.0165	-80.1288	-0.0110	0.00	6182	0	0
0x50	 18:44:16.470	7.0000	0.0000	0.0000	0.0000	0.0000	0.0000	0.0165	-80.0958	-0.0110	0.00	6183	0	0
0x50	 18:44:16.571	8.0000	0.0000	0.0000	0.0000	0.0000	0.0000	0.0165	-80.0684	-0.0110	0.00	6184	0	0
0x50	 18:44:16.673	9.0000	0.0000	0.0000	0.0000	0.0000	0.0000	0.0165	-80.0354	-0.0110	0.00	6185	0	0
0x50	 18:44:16.770	10.0000	0.0000	0.0000	0.0000	0.0000	0.0000	0.0165	-80.0079	-0.0110	0.00	6186	0	0
0x50	 18:44:16.871	11.0000	0.0000	0.0000	0.0000	0.0000	0.0000	0.0165	-79.9750	-0.0110	0.00	6187	0	0
0x50	 18:44:16.970	12.0000	0.0000	0.0000	0.0000	0.0000	0.0000	0.0165	-79.9475	-0.0110	0.00	6188	0	0
0x50	 18:44:17.070	13.0000	0.0000	0.0000	0.0000	0.0000	0.0000	0.0165	-79.9255	-0.0110	0.00	6189	0	0
0x50	 18:44:17.170	14.0000	0.0000	0.0000	0.0000	0.0000	0.0000	0.0165	-79.9091	-0.0110	0.00	6190	0	0
0x50	 18:44:17.270	15.0000	0.0000	0.0000	0.0000	0.0000	0.0000	0.0165	-79.8871	-0.0110	0.00	6191	0	0
0x50	 18:44:17.370	-16.0000	0.0000	0.0000	0.0000	0.0000	0.0000	0.0165	-79.8651	-0.0110	0.00	6192	0	0
0x50	 18:44:17.498	-15.0000	0.0000	0.0000	0.0000	0.0000	0.0000	0.0165	-79.8486	-0.0110	0.00	6193	0	0
0x50	 18:44:17.570	-14.0000	0.0000	0.0000	0.0000	0.0000	0.0000	0.0165	-79.8267	-0.0110	0.00	6194	0	0
0x50	 18:44:17.693	-13.0000	0.0000	0.0000	0.0000	0.0000	0.0000	0.0165	-79.8102	-0.0110	0.00	6195	0	0
0x50	 18:44:17.770	-12.0000	0.0000	0.0000	0.0000	0.0000	0.0000	0.0165	-79.7937	-0.0110	0.00	6196	0	0
0x50	 18:44:17.894	-11.0000	0.0000	0.0000	0.0000	0.0000	0.0000	0.0165	-79.7772	-0.0110	0.00	6197	0	0
0x50	 18:44:17.970	-10.0000	0.0000	0.0000	0.0000	0.0000	0.0000	0.0165	-79.6948	-0.0110	0.00	6198	0	0
0x50	 18:44:18.074	-9.0000	0.0000	0.0000	0.0000	0.0000	0.0000	0.0165	-79.6948	-0.0110	0.00	6199	0	0
0x50	 18:44:18.170	-8.0000	0.0000	0.0000	0.0000	0.0000	0.0000	0.0165	-79.6674	-0.0110	0.00	6200	0	0
0x50	 18:44:18.270	-7.0000	0.0000	0.0000	0.0000	0.0000	0.0000	0.0165	-79.6564	-0.0110	0.00	6201	0	0
0x50	 18:44:18.369	-6.0000	0.0000	0.0000	0.0000	0.0000	0.0000	0.0165	-79.6564	-0.0110	0.00	6202	0	0
0x50	 18:44:18.470	-5.0000	0.0000	0.0000	0.0000	0.0000	0.0000	0.0165	-79.6344	-0.0110	0.00	6203	0	0
0x50	 18:44:18.569	-4.0000	0.0098	0.0000	0.0000	0.0000	0.0000	0.0165	-79.6179	-0.0110	0.00	6204	0	0
0x50	 18:44:18.702	-3.0000	0.0000	0.0000	0.0000	0.0000	0.0000	0.0165	-79.6069	-0.0110	0.00	6205	0	0
0x50	 18:44:18.770	-2.0000	0.0000	0.0000	0.0000	0.0000	0.0000	0.0165	-79.5959	-0.0110	0.00	6206	0	0
0x50	 18:44:18.886	-1.0000	0.0000	0.0000	0.0000	0.0000	0.0000	0.0165	-79.5740	-0.0110	0.00	6207	0	0
0x50	 18:44:18.970	0.0000	0.0000	0.0000	0.0000	0.0000	0.0000	0.0165	-79.5740	-0.0110	0.00	6208	0	0
0x50	 18:44:19.165	1.0000	0.0000	0.0000	0.0000	0.0000	0.0000	0.0165	-79.5740	-0.0110	0.00	6209	0	0
0x50	 18:44:19.170	2.0000	0.0000	0.0000	0.0000	0.0000	0.0000	0.0165	-79.5630	-0.0110	0.00	6210	0	0
0x50	 18:44:19.270	3.0000	0.0000	0.0000	0.0000	0.0000	0.0000	0.0165	-79.5520	-0.0110	0.00	6211	0	0
0x50	 18:44:19.369	4.0000	0.0000	0.0000	0.0000	0.0000	0.0000	0.0165	-79.5520	-0.0110	0.00	6212	0	0
0x50	 18:44:19.497	5.0000	0.0000	0.0000	0.0000	0.0000	0.0000	0.0165	-79.5520	-0.0110	0.00	6213	0	0
0x50	 18:44:19.569	6.0000	0.0000	0.0000	0.2441	0.0000	0.0000	0.0165	-79.5465	-0.0110	0.00	6214	0	0
0x50	 18:44:19.693	7.0000	0.0000	0.0000	-1.0986	0.0000	0.0000	0.0165	-79.5355	-0.0110	0.00	6215	0	0
0x50	 18:44:19.770	8.0000	0.0000	0.0000	0.0000	0.0000	0.0000	0.0165	-79.5190	-0.0110	0.00	6216	0	0
0x50	 18:44:19.883	9.0000	0.0000	0.0000	0.1221	0.0000	0.0000	0.0165	-79.5300	-0.0110	0.00	6217	0	0
0x50	 18:44:19.970	10.0000	0.0000	0.0000	0.0000	0.0000	0.0000	0.0165	-79.5410	-0.0110	0.00	6218	0	0
0x50	 18:44:20.069	11.0000	0.0000	0.0000	0.0610	0.0000	0.0000	0.0165	-79.5410	-0.0110	0.00	6219	0	0
0x50	 18:44:20.170	12.0000	0.0000	0.0000	0.2441	-0.0610	0.0000	0.0165	-79.5520	-0.0110	0.00	6220	0	0
0x50	 18:44:20.270	13.0000	0.0000	0.0000	0.0610	0.0000	0.0000	0.0165	-79.5575	-0.0110	0.00	6221	0	0
0x50	 18:44:20.369	14.0000	0.0000	0.0000	0.0000	0.0000	0.0000	0.0165	-79.5465	-0.0110	0.00	6222	0	0
0x50	 18:44:20.508	15.0000	0.0000	0.0000	0.0000	0.0000	0.0000	0.0165	-79.5410	-0.0110	0.00	6223	0	0
0x50	 18:44:20.570	-16.0000	0.0000	0.0000	0.0000	0.0000	0.0000	0.0165	-79.5465	-0.0110	0.00	6224	0	0
0x50	 18:44:20.700	-15.0000	0.0000	0.0000	0.0000	0.0000	0.0000	0.0165	-79.5465	-0.0110	0.00	6225	0	0
0x50	 18:44:20.770	-14.0000	0.0000	0.0000	0.0000	0.0000	0.0000	0.0165	-79.5520	-0.0110	0.00	6226	0	0
0x50	 18:44:20.870	-13.0000	0.0000	0.0000	0.0000	0.0000	0.0000	0.0165	-79.5630	-0.0110	0.00	6227	0	0
0x50	 18:44:20.970	-12.0000	0.0000	0.0000	0.0000	0.0000	0.0000	0.0165	-79.5685	-0.0110	0.00	6228	0	0
0x50	 18:44:21.069	-11.0000	0.0000	0.0000	0.0000	0.0000	0.0000	0.0165	-79.5685	-0.0110	0.00	6229	0	0
0x50	 18:44:21.170	-10.0000	0.0000	0.0000	0.0000	0.0000	0.0000	0.0165	-79.5630	-0.0110	0.00	6230	0	0
0x50	 18:44:21.270	-9.0000	0.0000	0.0000	0.0000	0.0000	0.0000	0.0165	-79.5575	-0.0110	0.00	6231	0	0
0x50	 18:44:21.370	-8.0000	0.0000	0.0000	0.0000	0.0000	0.0000	0.0165	-79.5520	-0.0110	0.00	6232	0	0
0x50	 18:44:21.505	-7.0000	0.0000	0.0000	0.0000	0.0000	0.0000	0.0165	-79.5410	-0.0110	0.00	6233	0	0
0x50	 18:44:21.569	-6.0000	0.0000	0.0000	0.0000	0.0000	0.0000	0.0165	-79.5410	-0.0110	0.00	6234	0	0
0x50	 18:44:21.673	-5.0000	0.0000	0.0000	0.0000	0.0000	0.0000	0.0165	-79.5355	-0.0110	0.00	6235	0	0
0x50	 18:44:21.770	-4.0000	0.0000	0.0000	0.0000	0.0000	0.0000	0.0165	-79.5355	-0.0110	0.00	6236	0	0
0x50	 18:44:21.870	-3.0000	0.0000	0.0000	0.0000	0.0000	0.0000	0.0165	-79.5300	-0.0110	0.00	6237	0	0
0x50	 18:44:21.970	-2.0000	0.0000	0.0000	0.0000	0.0000	0.0000	0.0165	-79.5245	-0.0110	0.00	6238	0	0
0x50	 18:44:22.069	-1.0000	0.0000	0.0000	0.0000	0.0000	0.0000	0.0165	-79.5245	-0.0110	0.00	6239	0	0
0x50	 18:44:22.169	0.0000	0.0000	0.0000	0.0000	0.0000	0.0000	0.0165	-79.5190	-0.0110	0.00	6240	0	0
0x50	 18:44:22.269	1.0000	0.0000	0.0000	0.0000	0.0000	0.0000	0.0165	-79.5190	-0.0110	0.00	6241	0	0
0x50	 18:44:22.370	2.0000	0.0000	0.0000	0.0000	0.0000	0.0000	0.0165	-79.5135	-0.0110	0.00	6242	0	0
0x50	 18:44:22.565	3.0000	0.0000	0.0000	0.0000	0.0000	0.0000	0.0165	-79.5081	-0.0110	0.00	6243	0	0
0x50	 18:44:22.569	4.0000	0.0000	0.0000	0.0000	0.0000	0.0000	0.0165	-79.5081	-0.0110	0.00	6244	0	0
0x50	 18:44:22.671	5.0000	0.0000	0.0000	0.0000	0.0000	0.0000	0.0165	-79.5026	-0.0110	0.00	6245	0	0
0x50	 18:44:22.769	6.0000	0.0000	0.0000	0.0000	0.0000	0.0000	0.0165	-79.4971	-0.0110	0.00	6246	0	0
0x50	 18:44:22.869	7.0000	0.0000	0.0000	0.0000	0.0000	0.0000	0.0165	-79.4916	-0.0110	0.00	6247	0	0
0x50	 18:44:22.970	8.0000	0.0000	0.0000	0.0000	0.0000	0.0000	0.0165	-79.4861	-0.0110	0.00	6248	0	0
0x50	 18:44:23.069	9.0000	0.0000	0.0000	0.0000	0.0000	0.0000	0.0165	-79.4861	-0.0110	0.00	6249	0	0
0x50	 18:44:23.184	10.0000	0.0000	0.0610	0.0000	0.0000	0.0000	0.0165	-79.4861	-0.0110	0.00	6250	0	0
0x50	 18:44:23.269	11.0000	-0.0049	0.0610	0.0000	0.0000	0.0000	0.0165	-79.4806	-0.0110	0.00	6251	0	0
0x50	 18:44:23.389	12.0000	0.0000	0.0610	0.0000	0.0000	0.0000	0.0165	-79.4806	-0.0110	0.00	6252	0	0
0x50	 18:44:23.470	13.0000	0.0000	0.0000	0.0000	0.0000	0.0000	0.0165	-79.4806	-0.0110	0.00	6253	0	0
0x50	 18:44:23.583	14.0000	0.0000	0.0000	0.0000	0.0000	0.0000	0.0165	-79.4806	-0.0110	0.00	6254	0	0
0x50	 18:44:23.670	15.0000	0.0000	0.0000	0.0000	0.0000	0.0000	0.0165	-79.4806	-0.0110	0.00	6255	0	0
0x50	 18:44:23.778	-16.0000	0.0000	0.0000	0.0000	0.0000	0.0000	0.0165	-79.4751	-0.0110	0.00	6256	0	0
0x50	 18:44:23.870	-15.0000	0.0000	0.0000	0.0000	0.0000	0.0000	0.0165	-79.4751	-0.0110	0.00	6257	0	0
0x50	 18:44:23.978	-14.0000	0.0000	0.0000	0.0000	0.0000	0.0000	0.0165	-79.4751	-0.0110	0.00	6258	0	0
0x50	 18:44:24.069	-13.0000	0.0000	0.0000	0.0000	0.0000	0.0000	0.0165	-79.4751	-0.0110	0.00	6259	0	0
0x50	 18:44:24.170	-12.0000	0.0000	0.0000	0.0000	0.0000	0.0000	0.0165	-79.4751	-0.0110	0.00	6260	0	0
0x50	 18:44:24.269	-11.0000	0.0000	0.0000	0.0000	0.0000	0.0000	0.0165	-79.4751	-0.0110	0.00	6261	0	0
0x50	 18:44:24.370	-10.0000	0.0000	0.0000	0.0000	0.0000	0.0000	0.0165	-79.4751	-0.0110	0.00	6262	0	0
0x50	 18:44:24.470	-9.0000	0.0000	0.0000	0.0000	0.0000	0.0000	0.0165	-79.4751	-0.0110	0.00	6263	0	0
0x50	 18:44:24.592	-8.0000	0.0000	0.0000	0.0000	0.0000	0.0000	0.0165	-79.4751	-0.0110	0.00	6264	0	0
0x50	 18:44:24.670	-7.0000	0.0000	0.0000	0.0000	0.0000	0.0000	0.0165	-79.4751	-0.0110	0.00	6265	0	0
0x50	 18:44:24.770	-6.0000	0.0000	0.0000	0.0000	0.0000	0.0000	0.0165	-79.4751	-0.0110	0.00	6266	0	0
0x50	 18:44:24.870	-5.0000	0.0000	0.0000	0.0000	0.0000	0.0000	0.0165	-79.4696	-0.0110	0.00	6267	0	0
0x50	 18:44:24.970	-4.0000	0.0000	0.0000	0.0000	0.0000	0.0000	0.0165	-79.4696	-0.0110	0.00	6268	0	0
0x50	 18:44:25.069	-3.0000	0.0000	0.0000	0.0000	0.0000	0.0000	0.0165	-79.4696	-0.0110	0.00	6269	0	0
0x50	 18:44:25.209	-2.0000	0.0000	0.0000	0.0000	0.0000	0.0000	0.0165	-79.4696	-0.0110	0.00	6270	0	0
0x50	 18:44:25.269	-1.0000	0.0000	0.0000	0.0000	0.0000	0.0000	0.0165	-79.4696	-0.0110	0.00	6271	0	0
0x50	 18:44:25.392	0.0000	0.0000	0.0000	0.0000	0.0000	0.0000	0.0165	-79.4696	-0.0110	0.00	6272	0	0
0x50	 18:44:25.470	1.0000	0.0000	0.0000	0.0000	0.0000	0.0000	0.0165	-79.4696	-0.0110	0.00	6273	0	0
0x50	 18:44:25.590	2.0000	0.0000	0.0000	0.0000	0.0000	0.0000	0.0165	-79.4696	-0.0110	0.00	6274	0	0
0x50	 18:44:25.670	3.0000	0.0000	0.0000	0.0000	0.0000	0.0000	0.0165	-79.4696	-0.0110	0.00	6275	0	0
0x50	 18:44:25.865	4.0000	0.0000	0.0000	0.0000	0.0000	0.0000	0.0165	-79.4696	-0.0110	0.00	6276	0	0
0x50	 18:44:25.870	5.0000	0.0000	0.0000	0.0000	0.0000	0.0000	0.0165	-79.4696	-0.0110	0.00	6277	0	0
0x50	 18:44:25.970	6.0000	0.0000	0.0000	0.0000	0.0000	0.0000	0.0165	-79.4696	-0.0110	0.00	6278	0	0
0x50	 18:44:26.069	7.0000	0.0000	0.0000	0.0000	0.0000	0.0000	0.0165	-79.4696	-0.0110	0.00	6279	0	0
0x50	 18:44:26.182	8.0000	0.0000	0.0000	0.0000	0.0000	0.0000	0.0165	-79.4641	-0.0110	0.00	6280	0	0
0x50	 18:44:26.269	9.0000	0.0000	0.0000	0.0000	0.0000	0.0000	0.0165	-79.4641	-0.0110	0.00	6281	0	0
0x50	 18:44:26.370	10.0000	0.0000	0.0000	0.0000	0.0000	0.0000	0.0165	-79.4641	-0.0110	0.00	6282	0	0
0x50	 18:44:26.469	11.0000	0.0000	0.0000	0.0000	0.0000	0.0000	0.0165	-79.4641	-0.0110	0.00	6283	0	0
0x50	 18:44:26.569	12.0000	6.6074	0.0000	0.0000	0.0000	0.0000	0.0165	-79.4641	-0.0110	0.00	6284	0	0
0x50	 18:44:26.670	13.0000	0.0000	0.0000	0.0000	0.0000	0.0000	0.0165	-79.4641	-0.0110	0.00	6285	0	0
0x50	 18:44:26.788	14.0000	0.0000	0.0000	0.0000	0.0000	0.0000	0.0165	-79.4641	-0.0110	0.00	6286	0	0
0x50	 18:44:26.870	15.0000	0.0000	0.0000	0.0000	0.0000	0.0000	0.0165	-79.4641	-0.0110	0.00	6287	0	0
0x50	 18:44:26.969	-16.0000	0.0000	0.0000	0.0000	0.0000	0.0000	0.0165	-79.4641	-0.0110	0.00	6288	0	0
0x50	 18:44:27.069	-15.0000	0.0000	0.0000	0.0000	0.0000	0.0000	0.0165	-79.4641	-0.0110	0.00	6289	0	0
0x50	 18:44:27.198	-14.0000	0.0000	0.0000	0.0000	0.0000	0.0000	0.0165	-79.4641	-0.0110	0.00	6290	0	0
0x50	 18:44:27.269	-13.0000	0.0000	0.0000	0.0000	0.0000	0.0000	0.0165	-79.4641	-0.0110	0.00	6291	0	0
0x50	 18:44:27.369	-12.0000	0.0000	0.0000	0.0000	0.0000	0.0000	0.0165	-79.4641	-0.0110	0.00	6292	0	0
0x50	 18:44:27.469	-11.0000	0.0000	0.0000	0.0000	0.0000	0.0000	0.0165	-79.4641	-0.0110	0.00	6293	0	0
0x50	 18:44:27.569	-10.0000	0.0000	0.0000	0.0000	0.0000	0.0000	0.0165	-79.4641	-0.0110	0.00	6294	0	0
0x50	 18:44:27.670	-9.0000	0.0000	0.0000	0.0000	0.0000	0.0000	0.0165	-79.4641	-0.0110	0.00	6295	0	0
0x50	 18:44:27.794	-8.0000	0.0000	0.0000	0.0000	0.0000	0.0000	0.0165	-79.4586	-0.0110	0.00	6296	0	0
0x50	 18:44:27.870	-7.0000	0.0000	0.0000	0.0000	0.0000	0.0000	0.0165	-79.4586	-0.0110	0.00	6297	0	0
0x50	 18:44:27.969	-6.0000	0.0000	0.0000	0.0000	0.0000	0.0000	0.0165	-79.4586	-0.0110	0.00	6298	0	0
0x50	 18:44:28.069	-5.0000	0.0000	0.0000	0.0000	0.0000	0.0000	0.0165	-79.4586	-0.0110	0.00	6299	0	0
0x50	 18:44:28.170	-4.0000	0.0000	0.0000	0.0000	0.0000	0.0000	0.0165	-79.4586	-0.0110	0.00	6300	0	0
0x50	 18:44:28.269	-3.0000	0.0000	0.0000	0.0000	0.0000	0.0000	0.0165	-79.4586	-0.0110	0.00	6301	0	0
0x50	 18:44:28.370	-2.0000	0.0000	0.0000	0.0000	0.0000	0.0000	0.0165	-79.4586	-0.0110	0.00	6302	0	0
0x50	 18:44:28.469	-1.0000	0.0000	0.0000	0.0000	0.0000	0.0000	0.0165	-79.4586	-0.0110	0.00	6303	0	0
0x50	 18:44:28.569	0.0000	0.0000	0.0000	0.0000	0.0000	0.0000	0.0165	-79.4586	-0.0110	0.00	6304	0	0
0x50	 18:44:28.670	1.0000	0.0000	0.0000	0.0000	0.0000	0.0000	0.0165	-79.4586	-0.0110	0.00	6305	0	0
0x50	 18:44:28.865	2.0000	0.0000	0.0000	0.0000	0.0000	0.0000	0.0165	-79.4586	-0.0110	0.00	6306	0	0
0x50	 18:44:28.870	3.0000	0.0000	0.0000	0.0000	0.0000	0.0000	0.0165	-79.4586	-0.0110	0.00	6307	0	0
0x50	 18:44:28.969	4.0000	0.0000	0.0000	0.0000	0.0000	0.0000	0.0165	-79.4586	-0.0110	0.00	6308	0	0
0x50	 18:44:29.069	5.0000	0.0000	0.0000	0.0000	0.0000	0.0000	0.0165	-79.4586	-0.0110	0.00	6309	0	0
0x50	 18:44:29.170	6.0000	0.0000	0.0000	0.0000	0.0000	0.0000	0.0165	-79.4586	-0.0110	0.00	6310	0	0
0x50	 18:44:29.278	7.0000	0.0000	0.0000	0.0000	0.0000	0.0000	0.0165	-79.4586	-0.0110	0.00	6311	0	0
0x50	 18:44:29.370	8.0000	0.0000	0.0000	0.0000	0.0000	0.0000	0.0165	-79.4586	-0.0110	0.00	6312	0	0
0x50	 18:44:29.469	9.0000	0.0000	0.0000	0.0000	0.0000	0.0000	0.0165	-79.4586	-0.0110	0.00	6313	0	0
0x50	 18:44:29.569	10.0000	0.0000	0.0000	0.0000	0.0000	0.0000	0.0165	-79.4586	-0.0110	0.00	6314	0	0
0x50	 18:44:29.669	11.0000	0.0000	0.0000	0.0000	0.0000	0.0000	0.0165	-79.4586	-0.0110	0.00	6315	0	0
0x50	 18:44:29.769	12.0000	0.0000	0.0000	0.0000	0.0000	0.0000	0.0165	-79.4586	-0.0110	0.00	6316	0	0
0x50	 18:44:29.870	13.0000	0.0000	0.0000	0.0000	0.0000	0.0000	0.0165	-79.4586	-0.0110	0.00	6317	0	0
0x50	 18:44:29.969	14.0000	0.0000	0.0000	0.0000	0.0000	0.0000	0.0165	-79.4586	-0.0110	0.00	6318	0	0
0x50	 18:44:30.083	15.0000	0.0000	0.0000	0.0000	0.0000	0.0000	0.0165	-79.4586	-0.0110	0.00	6319	0	0
0x50	 18:44:30.169	-16.0000	0.0000	0.0000	0.0000	0.0000	0.0000	0.0165	-79.4586	-0.0110	0.00	6320	0	0
0x50	 18:44:30.269	-15.0000	0.0000	0.0000	0.0000	0.0000	0.0000	0.0165	-79.4586	-0.0110	0.00	6321	0	0
0x50	 18:44:30.369	-14.0000	0.0000	0.0000	0.0000	0.0000	0.0000	0.0165	-79.4586	-0.0110	0.00	6322	0	0
0x50	 18:44:30.469	-13.0000	0.0000	0.0000	0.0000	0.0000	0.0000	0.0165	-79.4586	-0.0110	0.00	6323	0	0
0x50	 18:44:30.569	-12.0000	0.0000	0.0000	0.0000	0.0000	0.0000	0.0165	-79.4586	-0.0110	0.00	6324	0	0
0x50	 18:44:30.669	-11.0000	0.0000	0.0000	0.0000	0.0000	0.0000	0.0165	-79.4586	-0.0110	0.00	6325	0	0
0x50	 18:44:30.769	-10.0000	0.0000	0.0000	0.0000	0.0000	0.0000	0.0165	-79.4586	-0.0110	0.00	6326	0	0
0x50	 18:44:30.873	-9.0000	0.0000	0.0000	0.0000	0.0000	0.0000	0.0165	-79.4586	-0.0110	0.00	6327	0	0
0x50	 18:44:30.969	-8.0000	0.0000	0.0000	0.0000	0.0000	0.0000	0.0165	-79.4586	-0.0110	0.00	6328	0	0
0x50	 18:44:31.069	-7.0000	0.0000	0.0000	0.0000	0.0000	0.0000	0.0165	-79.4586	-0.0110	0.00	6329	0	0
0x50	 18:44:31.169	-6.0000	0.0000	0.0000	0.0000	0.0000	0.0000	0.0165	-79.4586	-0.0110	0.00	6330	0	0
0x50	 18:44:31.291	-5.0000	0.0000	0.0000	0.0000	0.0000	0.0000	0.0165	-79.4586	-0.0110	0.00	6331	0	0
0x50	 18:44:31.370	-4.0000	0.0000	0.0000	0.0000	0.0000	0.0000	0.0165	-79.4586	-0.0110	0.00	6332	0	0
0x50	 18:44:31.473	-3.0000	0.0000	0.0000	0.0000	0.0000	0.0000	0.0165	-79.4586	-0.0110	0.00	6333	0	0
0x50	 18:44:31.569	-2.0000	0.0000	0.0000	0.0000	0.0000	0.0000	0.0165	-79.4586	-0.0110	0.00	6334	0	0
0x50	 18:44:31.669	-1.0000	0.0000	0.0000	0.0000	0.0000	0.0000	0.0165	-79.4586	-0.0110	0.00	6335	0	0
0x50	 18:44:31.769	0.0000	0.0000	0.0000	0.0000	0.0000	0.0000	0.0165	-79.4586	-0.0110	0.00	6336	0	0
0x50	 18:44:31.909	1.0000	0.0000	0.0000	0.0000	0.0000	0.0000	0.0165	-79.4586	-0.0110	0.00	6337	0	0
0x50	 18:44:31.969	2.0000	0.0000	0.0000	0.0000	0.0000	0.0000	0.0165	-79.4586	-0.0110	0.00	6338	0	0
0x50	 18:44:32.107	3.0000	0.0000	0.0000	0.0000	0.0000	0.0000	0.0165	-79.4586	-0.0110	0.00	6339	0	0
0x50	 18:44:32.169	4.0000	0.0000	0.0000	0.0000	0.0000	0.0000	0.0165	-79.4586	-0.0110	0.00	6340	0	0
0x50	 18:44:32.290	5.0000	0.0000	0.0000	0.0000	0.0000	0.0000	0.0165	-79.4586	-0.0110	0.00	6341	0	0
0x50	 18:44:32.370	6.0000	0.0000	0.0000	0.0000	0.0000	0.0000	0.0165	-79.4586	-0.0110	0.00	6342	0	0
0x50	 18:44:32.483	7.0000	0.0000	0.0000	0.0000	0.0000	0.0000	0.0165	-79.4586	-0.0110	0.00	6343	0	0
0x50	 18:44:32.569	8.0000	0.0000	0.0000	0.0000	0.0000	0.0000	0.0165	-79.4586	-0.0110	0.00	6344	0	0
0x50	 18:44:32.679	9.0000	0.0000	0.0000	0.0000	0.0000	0.0000	0.0165	-79.4586	-0.0110	0.00	6345	0	0
0x50	 18:44:32.769	10.0000	0.0000	0.0000	0.0000	0.0000	0.0000	0.0165	-79.4586	-0.0110	0.00	6346	0	0
0x50	 18:44:32.869	11.0000	0.0000	0.0000	0.0000	0.0000	0.0000	0.0165	-79.4586	-0.0110	0.00	6347	0	0
0x50	 18:44:32.969	12.0000	0.0000	0.0000	0.0000	0.0000	0.0000	0.0165	-79.4586	-0.0110	0.00	6348	0	0
0x50	 18:44:33.095	13.0000	0.0000	0.0000	0.0000	0.0000	0.0000	0.0165	-79.4586	-0.0110	0.00	6349	0	0
0x50	 18:44:33.169	14.0000	0.0000	0.0000	0.0000	0.0000	0.0000	0.0165	-79.4586	-0.0110	0.00	6350	0	0
0x50	 18:44:33.276	15.0000	0.0000	0.0000	0.0000	0.0000	0.0000	0.0165	-79.4586	-0.0110	0.00	6351	0	0
0x50	 18:44:33.370	-16.0000	0.0000	0.0000	0.0000	0.0000	0.0000	0.0165	-79.4586	-0.0110	0.00	6352	0	0
0x50	 18:44:33.469	-15.0000	0.0000	0.0000	0.0000	0.0000	0.0000	0.0165	-79.4586	-0.0110	0.00	6353	0	0
0x50	 18:44:33.569	-14.0000	0.0000	0.0000	0.0000	0.0000	0.0000	0.0165	-79.4586	-0.0110	0.00	6354	0	0
0x50	 18:44:33.669	-13.0000	0.0000	0.0000	0.0000	0.0000	0.0000	0.0165	-79.4586	-0.0110	0.00	6355	0	0
0x50	 18:44:33.769	-12.0000	0.0000	0.0000	0.0000	0.0000	0.0000	0.0165	-79.4586	-0.0110	0.00	6356	0	0
0x50	 18:44:33.870	-11.0000	0.0000	0.0000	0.0000	0.0000	0.0000	0.0165	-79.4586	-0.0110	0.00	6357	0	0
0x50	 18:44:33.969	-10.0000	0.0000	0.0000	0.0000	0.0000	0.0000	0.0165	-79.4586	-0.0110	0.00	6358	0	0
0x50	 18:44:34.091	-9.0000	0.0000	0.0000	0.0000	0.0000	0.0000	0.0165	-79.4586	-0.0110	0.00	6359	0	0
0x50	 18:44:34.169	-8.0000	0.0000	0.0000	0.0000	0.0000	0.0000	0.0165	-79.4586	-0.0110	0.00	6360	0	0
0x50	 18:44:34.269	-7.0000	0.0000	0.0000	0.0000	0.0000	0.0000	0.0165	-79.4586	-0.0110	0.00	6361	0	0
0x50	 18:44:34.369	-6.0000	0.0000	0.0000	0.0000	0.0000	0.0000	0.0165	-79.4586	-0.0110	0.00	6362	0	0
0x50	 18:44:34.469	-5.0000	0.0000	0.0000	0.0000	0.0000	0.0000	0.0165	-79.4586	-0.0110	0.00	6363	0	0
0x50	 18:44:34.570	-4.0000	0.0000	0.0000	0.0000	0.0000	0.0000	0.0165	-79.4586	-0.0110	0.00	6364	0	0
0x50	 18:44:34.669	-3.0000	0.0000	0.0000	0.0000	0.0000	0.0000	0.0165	-79.4586	-0.0110	0.00	6365	0	0
0x50	 18:44:34.769	-2.0000	0.0000	0.0000	0.0000	0.0000	0.0000	0.0165	-79.4586	-0.0110	0.00	6366	0	0
0x50	 18:44:34.870	-1.0000	0.0000	0.0000	0.0000	0.0000	0.0000	0.0165	-79.4586	-0.0110	0.00	6367	0	0
0x50	 18:44:34.969	0.0000	0.0000	0.0000	0.0000	0.0000	0.0000	0.0165	-79.4586	-0.0110	0.00	6368	0	0
0x50	 18:44:35.069	1.0000	0.0000	0.0000	0.0000	0.0000	0.0000	0.0165	-79.4531	-0.0110	0.00	6369	0	0
0x50	 18:44:35.169	2.0000	0.0000	0.0000	0.0000	0.0000	0.0000	0.0165	-79.4531	-0.0110	0.00	6370	0	0
0x50	 18:44:35.269	3.0000	0.0000	0.0000	0.0000	0.0000	0.0000	0.0165	-79.4531	-0.0110	0.00	6371	0	0
0x50	 18:44:35.369	4.0000	0.0000	0.0000	0.0000	0.0000	0.0000	0.0165	-79.4531	-0.0110	0.00	6372	0	0
0x50	 18:44:35.469	5.0000	0.0000	0.0000	0.0000	0.0000	0.0000	0.0165	-79.4531	-0.0110	0.00	6373	0	0
0x50	 18:44:35.569	6.0000	0.0000	0.0000	0.0000	0.0000	0.0000	0.0165	-79.4531	-0.0110	0.00	6374	0	0
0x50	 18:44:35.669	7.0000	0.0000	0.0000	0.0000	0.0000	0.0000	0.0165	-79.4531	-0.0110	0.00	6375	0	0
0x50	 18:44:35.769	8.0000	0.0000	0.0000	0.0000	0.0000	0.0000	0.0165	-79.4531	-0.0110	0.00	6376	0	0
0x50	 18:44:35.869	9.0000	0.0000	0.0000	0.0000	0.0000	0.0000	0.0165	-79.4531	-0.0110	0.00	6377	0	0
0x50	 18:44:35.980	10.0000	0.0000	0.0000	0.0000	0.0000	0.0000	0.0165	-79.4531	-0.0110	0.00	6378	0	0
0x50	 18:44:36.070	11.0000	0.0000	0.0000	0.0000	0.0000	0.0000	0.0165	-79.4531	-0.0110	0.00	6379	0	0
0x50	 18:44:36.169	12.0000	0.0000	0.0000	0.0000	0.0000	0.0000	0.0165	-79.4531	-0.0110	0.00	6380	0	0
0x50	 18:44:36.269	13.0000	0.0000	0.0000	0.0000	0.0000	0.0000	0.0165	-79.4531	-0.0110	0.00	6381	0	0
0x50	 18:44:36.369	14.0000	0.0000	0.0000	0.0000	0.0000	0.0000	0.0165	-79.4531	-0.0110	0.00	6382	0	0
0x50	 18:44:36.469	15.0000	0.0000	0.0000	0.0000	0.0000	0.0000	0.0165	-79.4531	-0.0110	0.00	6383	0	0
0x50	 18:44:36.570	-16.0000	0.0000	0.0000	0.0000	0.0000	0.0000	0.0165	-79.4531	-0.0110	0.00	6384	0	0
0x50	 18:44:36.669	-15.0000	0.0000	0.0000	0.0000	0.0000	0.0000	0.0165	-79.4531	-0.0110	0.00	6385	0	0
0x50	 18:44:36.769	-14.0000	0.0000	0.0000	0.0000	0.0000	0.0000	0.0165	-79.4531	-0.0110	0.00	6386	0	0
0x50	 18:44:36.869	-13.0000	0.0000	0.0000	0.0000	0.0000	0.0000	0.0165	-79.4531	-0.0110	0.00	6387	0	0
0x50	 18:44:36.969	-12.0000	0.0000	0.0000	0.0000	0.0000	0.0000	0.0165	-79.4531	-0.0110	0.00	6388	0	0
0x50	 18:44:37.069	-11.0000	0.0000	0.0000	0.0000	0.0000	0.0000	0.0165	-79.4531	-0.0110	0.00	6389	0	0
0x50	 18:44:37.169	-10.0000	0.0000	0.0000	0.0000	0.0000	0.0000	0.0165	-79.4531	-0.0110	0.00	6390	0	0
0x50	 18:44:37.269	-9.0000	0.0000	0.0000	0.0000	0.0000	0.0000	0.0165	-79.4531	-0.0110	0.00	6391	0	0
0x50	 18:44:37.369	-8.0000	0.0000	0.0000	0.0000	0.0000	0.0000	0.0165	-79.4531	-0.0110	0.00	6392	0	0
0x50	 18:44:37.469	-7.0000	0.0000	0.0000	0.0000	0.0000	0.0000	0.0165	-79.4531	-0.0110	0.00	6393	0	0
0x50	 18:44:37.569	-6.0000	0.0000	0.0000	0.0000	0.0000	0.0000	0.0165	-79.4531	-0.0110	0.00	6394	0	0
0x50	 18:44:37.669	-5.0000	0.0000	0.0000	0.0000	0.0000	0.0000	0.0165	-79.4531	-0.0110	0.00	6395	0	0
0x50	 18:44:37.797	-4.0000	0.0000	0.0000	0.0000	0.0000	0.0000	0.0165	-79.4531	-0.0110	0.00	6396	0	0
0x50	 18:44:37.869	-3.0000	0.0000	0.0000	0.0000	0.0000	0.0000	0.0165	-79.4531	-0.0110	0.00	6397	0	0
0x50	 18:44:38.001	-2.0000	0.0000	0.0000	0.0000	0.0000	0.0000	0.0165	-79.4531	-0.0110	0.00	6398	0	0
0x50	 18:44:38.069	-1.0000	0.0000	0.0000	0.0000	0.0000	0.0000	0.0165	-79.4531	-0.0110	0.00	6399	0	0
0x50	 18:44:38.201	0.0000	0.0000	0.0000	0.0000	0.0000	0.0000	0.0165	-79.4531	-0.0110	0.00	6400	0	0
0x50	 18:44:38.269	1.0000	0.0000	0.0000	0.0000	0.0000	0.0000	0.0165	-79.4531	-0.0110	0.00	6401	0	0
0x50	 18:44:38.393	2.0000	0.0000	0.0000	0.0000	0.0000	0.0000	0.0165	-79.4531	-0.0110	0.00	6402	0	0
0x50	 18:44:38.593	3.0000	-8.0000	0.0000	0.0000	0.0000	0.0000	0.0165	-79.4531	-0.0110	0.00	6403	0	0
0x50	 18:44:38.593	4.0000	0.0000	0.0000	0.0000	0.0000	0.0000	0.0165	-79.4531	-0.0110	0.00	6404	0	0
0x50	 18:44:38.669	5.0000	0.0000	0.0000	0.0000	0.0000	0.0000	0.0165	-79.4531	-0.0110	0.00	6405	0	0
0x50	 18:44:38.785	6.0000	0.0000	0.0000	0.0000	0.0000	0.0000	0.0165	-79.4531	-0.0110	0.00	6406	0	0
0x50	 18:44:38.870	7.0000	0.0000	0.0000	0.0000	0.0000	0.0000	0.0165	-79.4531	-0.0110	0.00	6407	0	0
0x50	 18:44:38.969	8.0000	0.0000	0.0000	0.0000	0.0000	0.0000	0.0165	-79.4531	-0.0110	0.00	6408	0	0
0x50	 18:44:39.069	9.0000	0.0000	0.0000	0.0000	0.0000	0.0000	0.0165	-79.4531	-0.0110	0.00	6409	0	0
0x50	 18:44:39.169	10.0000	0.0000	0.0000	0.0000	0.0000	0.0000	0.0165	-80.2112	-0.0110	0.00	6410	0	0
0x50	 18:44:39.269	11.0000	0.0000	0.0000	0.0000	0.0000	0.0000	0.0165	-80.1782	-0.0110	0.00	6411	0	0
0x50	 18:44:39.369	12.0000	0.0000	0.0000	0.0000	0.0000	0.0000	0.0165	-80.1453	-0.0110	0.00	6412	0	0
0x50	 18:44:39.469	13.0000	0.0000	0.0000	0.0000	0.0000	0.0000	0.0165	-80.1123	-0.0110	0.00	6413	0	0
0x50	 18:44:39.608	14.0000	0.0000	0.0000	0.0000	0.0000	0.0000	0.0165	-80.0848	-0.0110	0.00	6414	0	0
0x50	 18:44:39.669	15.0000	0.0000	0.0000	0.0000	0.0000	0.0000	0.0165	-80.0464	-0.0110	0.00	6415	0	0
0x50	 18:44:39.788	-16.0000	0.0000	0.0000	0.0000	0.0000	0.0000	0.0165	-80.0134	-0.0110	0.00	6416	0	0
0x50	 18:44:39.869	-15.0000	0.0000	0.0000	0.0000	0.0000	0.0000	0.0165	-79.9860	-0.0110	0.00	6417	0	0
0x50	 18:44:39.969	-14.0000	0.0000	0.0000	0.0000	0.0000	0.0000	0.0165	-79.9640	-0.0110	0.00	6418	0	0
0x50	 18:44:40.068	-13.0000	0.0000	0.0000	0.0000	0.0000	0.0000	0.0165	-79.9365	-0.0110	0.00	6419	0	0
0x50	 18:44:40.169	-12.0000	0.0000	0.0000	0.0000	0.0000	0.0000	0.0165	-79.8981	-0.0110	0.00	6420	0	0
0x50	 18:44:40.269	-11.0000	0.0000	0.0000	0.0000	0.0000	0.0000	0.0165	-79.8816	-0.0110	0.00	6421	0	0
0x50	 18:44:40.370	-10.0000	0.0000	0.0000	0.0000	0.0000	0.0000	0.0165	-79.8651	-0.0110	0.00	6422	0	0
0x50	 18:44:40.469	-9.0000	0.0000	0.0000	0.0000	0.0000	0.0000	0.0165	-79.8486	-0.0110	0.00	6423	0	0
0x50	 18:44:40.598	-8.0000	0.0000	0.0000	0.0000	0.0000	0.0000	0.0165	-79.8322	-0.0110	0.00	6424	0	0
0x50	 18:44:40.669	-7.0000	0.0000	0.0000	0.0000	0.0000	0.0000	0.0165	-79.8157	-0.0110	0.00	6425	0	0
0x50	 18:44:40.769	-6.0000	0.0000	0.0000	0.0000	0.0000	0.0000	0.0165	-79.8047	-0.0110	0.00	6426	0	0
0x50	 18:44:40.868	-5.0000	0.0000	0.0000	0.0000	0.0000	0.0000	0.0165	-79.7882	-0.0110	0.00	6427	0	0
0x50	 18:44:40.971	-4.0000	0.0000	0.0000	0.0000	0.0000	0.0000	0.0165	-79.7662	-0.0110	0.00	6428	0	0
0x50	 18:44:41.068	-3.0000	0.0000	0.0000	0.0000	0.0000	0.0000	0.0165	-79.7443	-0.0110	0.00	6429	0	0
0x50	 18:44:41.194	-2.0000	0.0000	0.0000	0.0000	0.0000	0.0000	0.0165	-79.7278	-0.0110	0.00	6430	0	0
0x50	 18:44:41.269	-1.0000	0.0000	0.0000	0.0000	0.0000	0.0000	0.0165	-79.7168	-0.0110	0.00	6431	0	0
0x50	 18:44:41.369	0.0000	0.0000	0.0000	0.0000	0.0000	0.0000	0.0165	-79.7003	-0.0110	0.00	6432	0	0
0x50	 18:44:41.470	1.0000	0.0000	0.0000	0.0000	0.0000	0.0000	0.0165	-79.6893	-0.0110	0.00	6433	0	0
0x50	 18:44:41.568	2.0000	0.0000	0.0000	0.0000	0.0000	0.0000	0.0165	-79.6729	-0.0110	0.00	6434	0	0
0x50	 18:44:41.765	3.0000	0.0000	0.0000	0.0000	0.0000	0.0000	0.0165	-79.6564	-0.0110	0.00	6435	0	0
0x50	 18:44:41.769	4.0000	0.0000	0.0000	0.0000	0.0000	0.0000	0.0165	-79.6454	-0.0110	0.00	6436	0	0
0x50	 18:44:41.869	5.0000	0.0000	0.0000	0.0000	0.0000	0.0000	0.0165	-79.6399	-0.0110	0.00	6437	0	0
0x50	 18:44:42.064	6.0000	0.0000	0.0000	0.0000	0.0000	0.0000	0.0165	-79.6289	-0.0110	0.00	6438	0	0
0x50	 18:44:42.069	7.0000	0.0000	0.0000	0.0000	0.0000	0.0000	0.0165	-79.6234	-0.0110	0.00	6439	0	0
0x50	 18:44:42.169	8.0000	0.0000	0.0000	0.0000	0.0000	0.0000	0.0165	-79.6124	-0.0110	0.00	6440	0	0
0x50	 18:44:42.269	9.0000	0.0000	0.0000	0.0000	0.0000	0.0000	0.0165	-79.6069	-0.0110	0.00	6441	0	0
0x50	 18:44:42.368	10.0000	0.0000	0.0000	0.0000	0.0000	0.0000	0.0165	-79.5959	-0.0110	0.00	6442	0	0
0x50	 18:44:42.469	11.0000	0.0000	0.0000	0.0000	0.0000	0.0000	0.0165	-79.5905	-0.0110	0.00	6443	0	0
0x50	 18:44:42.569	12.0000	0.0000	0.0000	0.0000	0.0000	0.0000	0.0165	-79.5850	-0.0110	0.00	6444	0	0
0x50	 18:44:42.765	13.0000	0.0000	0.0000	0.0000	0.0000	0.0000	0.0165	-79.5740	-0.0110	0.00	6445	0	0
0x50	 18:44:42.768	14.0000	0.0000	0.0000	0.0000	0.0000	0.0000	0.0165	-79.5685	-0.0110	0.00	6446	0	0
0x50	 18:44:42.893	15.0000	0.0000	0.0000	0.0000	0.0000	0.0000	0.0165	-79.5630	-0.0110	0.00	6447	0	0
0x50	 18:44:42.969	-16.0000	0.0000	0.0000	0.0000	0.0000	0.0000	0.0165	-79.5630	-0.0110	0.00	6448	0	0
0x50	 18:44:43.093	-15.0000	0.0000	0.0000	0.0000	0.0000	0.0000	0.0165	-79.5575	-0.0110	0.00	6449	0	0
0x50	 18:44:43.169	-14.0000	0.0000	0.0000	0.0000	0.0000	0.0000	0.0165	-79.5520	-0.0110	0.00	6450	0	0
0x50	 18:44:43.285	-13.0000	0.0000	0.0000	0.0000	0.0000	0.0000	0.0165	-79.5465	-0.0110	0.00	6451	0	0
0x50	 18:44:43.369	-12.0000	0.0000	0.0000	0.0000	0.0000	0.0000	0.0165	-79.5410	-0.0110	0.00	6452	0	0
0x50	 18:44:43.483	-11.0000	0.0000	0.0000	0.0000	0.0000	0.0000	0.0165	-79.5410	-0.0110	0.00	6453	0	0
0x50	 18:44:43.569	-10.0000	-0.0020	0.0000	0.0000	0.0000	0.0000	0.0165	-79.5355	-0.0110	0.00	6454	0	0
0x50	 18:44:43.669	-9.0000	0.0000	0.0000	0.0000	0.0000	0.0000	0.0165	-79.5300	-0.0110	0.00	6455	0	0
0x50	 18:44:43.768	-8.0000	0.0000	0.0000	0.0000	0.0000	0.0000	0.0165	-79.5245	-0.0110	0.00	6456	0	0
0x50	 18:44:43.869	-7.0000	0.0000	0.0000	0.0000	0.0000	0.0000	0.0165	-79.5190	-0.0110	0.00	6457	0	0
0x50	 18:44:43.969	-6.0000	0.0000	0.0000	0.0000	0.0000	0.0000	0.0165	-79.5190	-0.0110	0.00	6458	0	0
0x50	 18:44:44.075	-5.0000	0.0000	0.0000	0.0000	0.0000	0.0000	0.0165	-79.5135	-0.0110	0.00	6459	0	0
0x50	 18:44:44.169	-4.0000	0.0000	0.0000	0.0000	0.0000	0.0000	0.0165	-79.5135	-0.0110	0.00	6460	0	0
0x50	 18:44:44.268	-3.0000	0.0000	0.0000	0.0000	0.0000	0.0000	0.0165	-79.5081	-0.0110	0.00	6461	0	0
0x50	 18:44:44.369	-2.0000	0.0000	0.0000	0.0000	0.0610	0.0000	0.0165	-79.5026	-0.0110	0.00	6462	0	0
0x50	 18:44:44.507	-1.0000	0.0000	0.0000	0.0000	0.0000	0.0000	0.0165	-79.4971	-0.0110	0.00	6463	0	0
0x50	 18:44:44.568	0.0000	0.0000	0.0000	0.1221	0.0000	0.0000	0.0165	-79.4751	-0.0110	0.00	6464	0	0
0x50	 18:44:44.709	1.0000	0.0000	0.0000	0.0610	0.0000	0.0000	0.0165	-79.4586	-0.0110	0.00	6465	0	0
0x50	 18:44:44.888	2.0000	0.0000	0.0000	0.0000	0.0000	0.0000	0.0165	-79.4312	-0.0110	0.00	6466	0	0
0x50	 18:44:44.890	3.0000	0.0000	0.0000	0.0000	0.0000	0.0000	0.0165	-79.4092	-0.0110	0.00	6467	0	0
0x50	 18:44:44.969	4.0000	0.0000	0.0000	0.0000	0.0000	0.0000	0.0165	-79.4092	-0.0110	0.00	6468	0	0
0x50	 18:44:45.080	5.0000	0.0000	0.0000	0.0000	0.0000	0.0000	0.0165	-79.3982	-0.0110	0.00	6469	0	0
0x50	 18:44:45.169	6.0000	0.0000	0.0000	0.0000	0.0000	0.0000	0.0165	-79.3927	-0.0110	0.00	6470	0	0
0x50	 18:44:45.268	7.0000	0.0000	0.0000	0.0000	0.0000	0.0000	0.0165	-79.3927	-0.0110	0.00	6471	0	0
0x50	 18:44:45.369	8.0000	0.0000	0.0000	0.0000	0.0000	0.0000	0.0165	-79.3927	-0.0110	0.00	6472	0	0
0x50	 18:44:45.469	9.0000	0.0000	0.0000	0.0000	0.0000	0.0000	0.0165	-79.3982	-0.0110	0.00	6473	0	0
0x50	 18:44:45.568	10.0000	0.0000	0.0000	0.0000	0.0000	0.0000	0.0165	-79.3982	-0.0110	0.00	6474	0	0
0x50	 18:44:45.669	11.0000	0.0000	0.0000	0.0000	0.0000	0.0000	0.0165	-79.4037	-0.0110	0.00	6475	0	0
0x50	 18:44:45.768	12.0000	0.0000	0.0000	0.0000	0.0000	0.0000	0.0165	-79.4037	-0.0110	0.00	6476	0	0
0x50	 18:44:45.908	13.0000	0.0000	0.0000	0.0000	0.0000	0.0000	0.0165	-79.4092	-0.0110	0.00	6477	0	0
0x50	 18:44:45.968	14.0000	0.0000	0.0000	0.0000	0.0000	0.0000	0.0165	-79.4092	-0.0110	0.00	6478	0	0
0x50	 18:44:46.103	15.0000	0.0000	0.0000	0.0000	0.0000	0.0000	0.0165	-79.4147	-0.0110	0.00	6479	0	0
0x50	 18:44:46.169	-16.0000	0.0000	0.0000	0.0000	0.0000	0.0000	0.0165	-79.4147	-0.0110	0.00	6480	0	0
0x50	 18:44:46.301	-15.0000	0.0000	0.0000	0.0000	0.0000	0.0000	0.0165	-79.4147	-0.0110	0.00	6481	0	0
0x50	 18:44:46.369	-14.0000	0.0000	0.0000	0.0000	0.0000	0.0000	0.0165	-79.4147	-0.0110	0.00	6482	0	0
0x50	 18:44:46.484	-13.0000	0.0000	0.0000	0.0000	0.0000	0.0000	0.0165	-79.4202	-0.0110	0.00	6483	0	0
0x50	 18:44:46.569	-12.0000	0.0000	0.0000	0.0000	0.0000	0.0000	0.0165	-79.4202	-0.0110	0.00	6484	0	0
0x50	 18:44:46.669	-11.0000	0.0000	0.0000	0.0000	0.0000	0.0000	0.0165	-79.4202	-0.0110	0.00	6485	0	0
0x50	 18:44:46.768	-10.0000	0.0000	0.0000	0.0000	0.0000	0.0000	0.0165	-79.4257	-0.0110	0.00	6486	0	0
0x50	 18:44:46.869	-9.0000	0.0000	0.0000	0.0000	0.0000	0.0000	0.0165	-79.4257	-0.0110	0.00	6487	0	0
0x50	 18:44:46.968	-8.0000	0.0000	0.0000	0.0000	0.0000	0.0000	0.0165	-79.4257	-0.0110	0.00	6488	0	0
0x50	 18:44:47.069	-7.0000	0.0000	0.0000	0.0000	0.0000	0.0000	0.0165	-79.4257	-0.0110	0.00	6489	0	0
0x50	 18:44:47.169	-6.0000	0.0000	0.0000	0.0000	0.0000	0.0000	0.0165	-79.4312	-0.0110	0.00	6490	0	0
0x50	 18:44:47.268	-5.0000	0.0000	0.0000	0.0000	0.0000	0.0000	0.0165	-79.4312	-0.0110	0.00	6491	0	0
0x50	 18:44:47.369	-4.0000	0.0000	0.0000	0.0000	0.0000	0.0000	0.0165	-79.4312	-0.0110	0.00	6492	0	0
0x50	 18:44:47.472	-3.0000	0.0000	0.0000	0.0000	0.0000	0.0000	0.0165	-79.4312	-0.0110	0.00	6493	0	0
