StartTime: 2021-12-24 17:59:36.252
address	Time(s)	ax(g)	ay(g)	az(g)	wx(deg/s)	wy(deg/s)	wz(deg/s)	AngleX(deg)	AngleY(deg)	AngleZ(deg)	T(°)	hx	hy	hz
0x50	 17:59:36.252	10.0000	0.0000	0.0000	0.0000	0.0000	0.0000	0.0165	129.0344	0.0055	0.00	9385	0	0
0x50	 17:59:36.252	10.0000	0.0000	0.0000	0.0000	0.0000	0.0000	0.0110	0.3845	0.0000	0.00	9385	0	0
0x50	 17:59:36.252	10.0000	0.0000	0.0000	0.0000	0.0000	0.0000	0.0165	129.0399	0.0055	0.00	9385	0	0
0x50	 17:59:36.327	11.0000	0.0000	0.0000	0.0000	0.0000	0.0000	0.0055	70.4938	0.0055	0.00	9386	0	0
0x50	 17:59:36.331	11.0000	0.0000	0.0000	0.0000	0.0000	0.0000	0.0110	0.3680	0.0000	0.00	9386	0	0
0x50	 17:59:36.331	11.0000	0.0000	0.0000	0.0000	0.0000	0.0000	0.0165	129.0399	0.0055	0.00	9386	0	0
0x50	 17:59:36.428	12.0000	0.0000	0.0000	0.0000	0.0000	0.0000	0.0055	75.5969	0.0055	0.00	9387	0	0
0x50	 17:59:36.429	12.0000	0.0000	0.0000	0.0000	0.0000	0.0000	0.0110	0.3516	0.0000	0.00	9387	0	0
0x50	 17:59:36.429	12.0000	0.0000	0.0000	0.0000	0.0000	0.0000	0.0165	129.0454	0.0055	0.00	9387	0	0
0x50	 17:59:36.528	13.0000	0.0000	0.0000	0.0000	0.0000	0.0000	0.0055	77.8821	0.0055	0.00	9388	0	0
0x50	 17:59:36.528	13.0000	0.0000	0.0000	0.0000	0.0000	0.0000	0.0110	0.3351	0.0000	0.00	9388	0	0
0x50	 17:59:36.528	13.0000	0.0000	0.0000	0.0000	0.0000	0.0000	0.0165	129.0454	0.0055	0.00	9388	0	0
0x50	 17:59:36.628	14.0000	0.0000	0.0000	0.0000	0.0000	0.0000	0.0055	71.4935	0.0055	0.00	9389	0	0
0x50	 17:59:36.629	14.0000	0.0000	0.0000	0.0000	0.0000	0.0000	0.0110	0.3186	0.0000	0.00	9389	0	0
0x50	 17:59:36.629	14.0000	0.0000	0.0000	0.0000	0.0000	0.0000	0.0165	129.0399	0.0055	0.00	9389	0	0
0x50	 17:59:36.727	15.0000	5.4336	0.0000	0.0000	0.0000	0.0000	0.0055	57.3981	0.0055	0.00	9390	0	0
0x50	 17:59:36.728	15.0000	5.4336	0.0000	0.0000	0.0000	0.0000	0.0110	0.3021	0.0000	0.00	9390	0	0
0x50	 17:59:36.728	15.0000	5.4336	0.0000	0.0000	0.0000	0.0000	0.0165	129.0344	0.0055	0.00	9390	0	0
0x50	 17:59:36.852	-16.0000	0.0000	0.0000	0.0000	0.0000	0.0000	0.0055	54.0857	0.0055	0.00	9391	0	0
0x50	 17:59:36.852	-16.0000	0.0000	0.0000	0.0000	0.0000	0.0000	0.0110	0.2856	0.0000	0.00	9391	0	0
0x50	 17:59:36.852	-16.0000	0.0000	0.0000	0.0000	0.0000	0.0000	0.0165	129.0344	0.0055	0.00	9391	0	0
0x50	 17:59:36.928	-15.0000	0.0000	0.0000	0.0000	0.0000	0.0000	0.0055	48.5321	0.0055	0.00	9392	0	0
0x50	 17:59:36.929	-15.0000	0.0000	0.0000	0.0000	0.0000	0.0000	0.0110	0.2747	0.0000	0.00	9392	0	0
0x50	 17:59:36.929	-15.0000	0.0000	0.0000	0.0000	0.0000	0.0000	0.0165	129.0289	0.0055	0.00	9392	0	0
0x50	 17:59:37.027	-14.0000	0.0000	0.0000	0.0000	0.0000	0.0000	0.0055	47.8070	0.0055	0.00	9393	0	0
0x50	 17:59:37.028	-14.0000	0.0000	0.0000	0.0000	0.0000	0.0000	0.0110	0.2582	0.0000	0.00	9393	0	0
0x50	 17:59:37.028	-14.0000	0.0000	0.0000	0.0000	0.0000	0.0000	0.0165	129.0289	0.0055	0.00	9393	0	0
0x50	 17:59:37.128	-13.0000	0.0000	0.0000	0.0000	0.0000	0.0000	0.0055	54.0033	0.0055	0.00	9394	0	0
0x50	 17:59:37.129	-13.0000	0.0000	0.0000	0.0000	0.0000	0.0000	0.0110	0.2472	0.0000	0.00	9394	0	0
0x50	 17:59:37.129	-13.0000	0.0000	0.0000	0.0000	0.0000	0.0000	0.0165	129.0344	0.0055	0.00	9394	0	0
0x50	 17:59:37.229	-12.0000	0.0000	0.0000	0.0000	0.0000	0.0000	0.0055	65.4126	0.0055	0.00	9395	0	0
0x50	 17:59:37.229	-12.0000	0.0000	0.0000	0.0000	0.0000	0.0000	0.0110	0.2362	0.0000	0.00	9395	0	0
0x50	 17:59:37.229	-12.0000	0.0000	0.0000	0.0000	0.0000	0.0000	0.0165	129.0344	0.0055	0.00	9395	0	0
0x50	 17:59:37.327	-11.0000	0.0000	0.0000	0.0000	0.0000	0.0000	0.0055	73.5150	0.0055	0.00	9396	0	0
0x50	 17:59:37.328	-11.0000	0.0000	0.0000	0.0000	0.0000	0.0000	0.0110	0.2252	0.0000	0.00	9396	0	0
0x50	 17:59:37.328	-11.0000	0.0000	0.0000	0.0000	0.0000	0.0000	0.0165	129.0399	0.0055	0.00	9396	0	0
0x50	 17:59:37.428	-10.0000	0.0000	0.0000	0.0000	0.0000	0.0000	0.0055	78.5028	0.0055	0.00	9397	0	0
0x50	 17:59:37.428	-10.0000	0.0000	0.0000	0.0000	0.0000	0.0000	0.0110	0.2142	0.0000	0.00	9397	0	0
0x50	 17:59:37.428	-10.0000	0.0000	0.0000	0.0000	0.0000	0.0000	0.0165	129.0399	0.0055	0.00	9397	0	0
0x50	 17:59:37.527	-9.0000	0.0000	0.0000	0.0000	0.0000	0.0000	0.0055	83.3423	0.0055	0.00	9398	0	0
0x50	 17:59:37.528	-9.0000	0.0000	0.0000	0.0000	0.0000	0.0000	0.0110	0.2032	0.0000	0.00	9398	0	0
0x50	 17:59:37.528	-9.0000	0.0000	0.0000	0.0000	0.0000	0.0000	0.0165	129.0399	0.0055	0.00	9398	0	0
0x50	 17:59:37.627	-8.0000	0.0000	0.0000	0.0000	0.0000	0.0000	0.0055	77.3822	0.0055	0.00	9399	0	0
0x50	 17:59:37.629	-8.0000	0.0000	0.0000	0.0000	0.0000	0.0000	0.0110	0.1923	0.0000	0.00	9399	0	0
0x50	 17:59:37.629	-8.0000	0.0000	0.0000	0.0000	0.0000	0.0000	0.0165	129.0399	0.0055	0.00	9399	0	0
0x50	 17:59:37.727	-7.0000	0.0000	0.0000	0.0000	0.0000	0.0000	0.0055	73.8446	0.0055	0.00	9400	0	0
0x50	 17:59:37.728	-7.0000	0.0000	0.0000	0.0000	0.0000	0.0000	0.0110	0.1813	0.0000	0.00	9400	0	0
0x50	 17:59:37.728	-7.0000	0.0000	0.0000	0.0000	0.0000	0.0000	0.0165	129.0399	0.0055	0.00	9400	0	0
0x50	 17:59:37.828	-6.0000	0.0000	0.0000	0.0000	0.0000	0.0000	0.0055	69.2468	0.0055	0.00	9401	0	0
0x50	 17:59:37.828	-6.0000	0.0000	0.0000	0.0000	0.0000	0.0000	0.0110	0.1758	0.0000	0.00	9401	0	0
0x50	 17:59:37.830	-6.0000	0.0000	0.0000	0.0000	0.0000	0.0000	0.0165	129.0344	0.0055	0.00	9401	0	0
0x50	 17:59:37.929	-5.0000	0.0000	0.0000	0.0000	0.0000	0.0000	0.0055	66.6870	0.0055	0.00	9402	0	0
0x50	 17:59:37.929	-5.0000	0.0000	0.0000	0.0000	0.0000	0.0000	0.0110	0.1648	0.0000	0.00	9402	0	0
0x50	 17:59:37.929	-5.0000	0.0000	0.0000	0.0000	0.0000	0.0000	0.0165	129.0344	0.0055	0.00	9402	0	0
0x50	 17:59:38.027	-4.0000	0.0000	0.0000	0.0000	0.0000	0.0000	0.0055	55.5414	0.0055	0.00	9403	0	0
0x50	 17:59:38.028	-4.0000	0.0000	0.0000	0.0000	0.0000	0.0000	0.0110	0.1538	0.0000	0.00	9403	0	0
0x50	 17:59:38.028	-4.0000	0.0000	0.0000	0.0000	0.0000	0.0000	0.0165	129.0344	0.0055	0.00	9403	0	0
0x50	 17:59:38.128	-3.0000	0.0000	0.0000	0.0000	0.0000	0.0000	0.0055	48.3234	0.0055	0.00	9404	0	0
0x50	 17:59:38.129	-3.0000	0.0000	0.0000	0.0000	0.0000	0.0000	0.0110	0.1483	0.0000	0.00	9404	0	0
0x50	 17:59:38.130	-3.0000	0.0000	0.0000	0.0000	0.0000	0.0000	0.0165	129.0289	0.0055	0.00	9404	0	0
0x50	 17:59:38.227	-2.0000	0.0000	0.0000	0.0000	0.0000	0.0000	0.0055	51.7401	0.0055	0.00	9405	0	0
0x50	 17:59:38.229	-2.0000	0.0000	0.0000	0.0000	0.0000	0.0000	0.0110	0.1428	0.0000	0.00	9405	0	0
0x50	 17:59:38.229	-2.0000	0.0000	0.0000	0.0000	0.0000	0.0000	0.0165	129.0344	0.0055	0.00	9405	0	0
0x50	 17:59:38.327	-1.0000	0.0000	0.0000	0.0000	0.0000	0.0000	0.0055	51.7950	0.0055	0.00	9406	0	0
0x50	 17:59:38.328	-1.0000	0.0000	0.0000	0.0000	0.0000	0.0000	0.0110	0.1318	0.0000	0.00	9406	0	0
0x50	 17:59:38.328	-1.0000	0.0000	0.0000	0.0000	0.0000	0.0000	0.0165	129.0344	0.0055	0.00	9406	0	0
0x50	 17:59:38.428	0.0000	0.0000	0.0000	0.0000	0.0000	0.0000	0.0055	46.6974	0.0055	0.00	9407	0	0
0x50	 17:59:38.428	0.0000	0.0000	0.0000	0.0000	0.0000	0.0000	0.0110	0.1263	0.0000	0.00	9407	0	0
0x50	 17:59:38.429	0.0000	0.0000	0.0000	0.0000	0.0000	0.0000	0.0165	129.0289	0.0055	0.00	9407	0	0
0x50	 17:59:38.527	1.0000	0.0000	0.0000	0.0000	0.0000	0.0000	0.0055	50.9821	0.0055	0.00	9408	0	0
0x50	 17:59:38.528	1.0000	0.0000	0.0000	0.0000	0.0000	0.0000	0.0110	0.1208	0.0000	0.00	9408	0	0
0x50	 17:59:38.528	1.0000	0.0000	0.0000	0.0000	0.0000	0.0000	0.0165	129.0344	0.0055	0.00	9408	0	0
0x50	 17:59:38.629	2.0000	0.0000	0.0000	0.0000	0.0000	0.0000	0.0055	70.4059	0.0055	0.00	9409	0	0
0x50	 17:59:38.629	2.0000	0.0000	0.0000	0.0000	0.0000	0.0000	0.0110	0.1154	0.0000	0.00	9409	0	0
0x50	 17:59:38.630	2.0000	0.0000	0.0000	0.0000	0.0000	0.0000	0.0165	129.0344	0.0055	0.00	9409	0	0
0x50	 17:59:38.728	3.0000	0.0000	0.0000	0.0000	0.0000	0.0000	0.0055	65.9949	0.0055	0.00	9410	0	0
0x50	 17:59:38.728	3.0000	0.0000	0.0000	0.0000	0.0000	0.0000	0.0110	0.1099	0.0000	0.00	9410	0	0
0x50	 17:59:38.728	3.0000	0.0000	0.0000	0.0000	0.0000	0.0000	0.0165	129.0344	0.0055	0.00	9410	0	0
0x50	 17:59:38.827	4.0000	0.0000	0.0000	0.0000	0.0000	0.0000	0.0055	73.8171	0.0055	0.00	9411	0	0
0x50	 17:59:38.828	4.0000	0.0000	0.0000	0.0000	0.0000	0.0000	0.0110	0.1044	0.0000	0.00	9411	0	0
0x50	 17:59:38.830	4.0000	0.0000	0.0000	0.0000	0.0000	0.0000	0.0165	129.0344	0.0055	0.00	9411	0	0
0x50	 17:59:38.928	5.0000	0.0000	0.0000	0.0000	0.0000	0.0000	0.0055	74.9432	0.0055	0.00	9412	0	0
0x50	 17:59:38.928	5.0000	0.0000	0.0000	0.0000	0.0000	0.0000	0.0110	0.0989	0.0000	0.00	9412	0	0
0x50	 17:59:38.928	5.0000	0.0000	0.0000	0.0000	0.0000	0.0000	0.0165	129.0344	0.0055	0.00	9412	0	0
0x50	 17:59:39.028	6.0000	0.0000	0.0000	0.0000	0.0000	0.0000	0.0055	78.1073	0.0055	0.00	9413	0	0
0x50	 17:59:39.030	6.0000	0.0000	0.0000	0.0000	0.0000	0.0000	0.0110	0.0934	0.0000	0.00	9413	0	0
0x50	 17:59:39.030	6.0000	0.0000	0.0000	0.0000	0.0000	0.0000	0.0165	129.0344	0.0055	0.00	9413	0	0
0x50	 17:59:39.129	7.0000	0.0000	0.0000	0.0000	0.0000	0.0000	0.0055	82.2437	0.0055	0.00	9414	0	0
0x50	 17:59:39.129	7.0000	0.0000	0.0000	0.0000	0.0000	0.0000	0.0110	0.0879	0.0000	0.00	9414	0	0
0x50	 17:59:39.130	7.0000	0.0000	0.0000	0.0000	0.0000	0.0000	0.0165	129.0344	0.0055	0.00	9414	0	0
0x50	 17:59:39.227	8.0000	0.0000	0.0000	0.0000	0.0000	0.0000	0.0055	89.4617	0.0055	0.00	9415	0	0
0x50	 17:59:39.228	8.0000	0.0000	0.0000	0.0000	0.0000	0.0000	0.0110	0.0879	0.0000	0.00	9415	0	0
0x50	 17:59:39.228	8.0000	0.0000	0.0000	0.0000	0.0000	0.0000	0.0165	129.0399	0.0055	0.00	9415	0	0
0x50	 17:59:39.327	9.0000	0.0000	0.0000	0.0000	0.0000	0.0000	0.0055	87.1655	0.0055	0.00	9416	0	0
0x50	 17:59:39.328	9.0000	0.0000	0.0000	0.0000	0.0000	0.0000	0.0110	0.0824	0.0000	0.00	9416	0	0
0x50	 17:59:39.330	9.0000	0.0000	0.0000	0.0000	0.0000	0.0000	0.0165	129.0399	0.0055	0.00	9416	0	0
0x50	 17:59:39.428	10.0000	0.0000	0.0000	0.0000	0.0000	0.0000	0.0055	90.9119	0.0055	0.00	9417	0	0
0x50	 17:59:39.428	10.0000	0.0000	0.0000	0.0000	0.0000	0.0000	0.0110	0.0769	0.0000	0.00	9417	0	0
0x50	 17:59:39.428	10.0000	0.0000	0.0000	0.0000	0.0000	0.0000	0.0165	129.0399	0.0055	0.00	9417	0	0
0x50	 17:59:39.550	11.0000	0.0000	0.0000	0.0000	0.0000	0.0000	0.0055	97.1356	0.0055	0.00	9418	0	0
0x50	 17:59:39.550	11.0000	0.0000	0.0000	0.0000	0.0000	0.0000	0.0110	0.0714	0.0000	0.00	9418	0	0
0x50	 17:59:39.550	11.0000	0.0000	0.0000	0.0000	0.0000	0.0000	0.0165	129.0399	0.0055	0.00	9418	0	0
0x50	 17:59:39.628	12.0000	0.0000	0.0000	0.0000	0.0000	0.0000	0.0055	96.1963	0.0055	0.00	9419	0	0
0x50	 17:59:39.629	12.0000	0.0000	0.0000	0.0000	0.0000	0.0000	0.0110	0.0714	0.0000	0.00	9419	0	0
0x50	 17:59:39.629	12.0000	0.0000	0.0000	0.0000	0.0000	0.0000	0.0165	129.0399	0.0055	0.00	9419	0	0
0x50	 17:59:39.727	13.0000	0.0000	0.0000	0.0000	0.0000	0.0000	0.0055	94.6747	0.0055	0.00	9420	0	0
0x50	 17:59:39.728	13.0000	0.0000	0.0000	0.0000	0.0000	0.0000	0.0110	0.0659	0.0000	0.00	9420	0	0
0x50	 17:59:39.728	13.0000	0.0000	0.0000	0.0000	0.0000	0.0000	0.0165	129.0399	0.0055	0.00	9420	0	0
0x50	 17:59:39.828	14.0000	0.0000	0.0000	0.0000	0.0000	0.0000	0.0055	91.0382	0.0055	0.00	9421	0	0
0x50	 17:59:39.829	14.0000	0.0000	0.0000	0.0000	0.0000	0.0000	0.0110	0.0659	0.0000	0.00	9421	0	0
0x50	 17:59:39.829	14.0000	0.0000	0.0000	0.0000	0.0000	0.0000	0.0165	129.0344	0.0055	0.00	9421	0	0
0x50	 17:59:39.927	15.0000	0.0000	0.0000	0.0000	0.0000	0.0000	0.0055	87.9730	0.0055	0.00	9422	0	0
0x50	 17:59:39.928	15.0000	0.0000	0.0000	0.0000	0.0000	0.0000	0.0110	0.0604	0.0000	0.00	9422	0	0
0x50	 17:59:39.928	15.0000	0.0000	0.0000	0.0000	0.0000	0.0000	0.0165	129.0344	0.0055	0.00	9422	0	0
0x50	 17:59:40.027	-16.0000	0.0000	0.0000	0.0000	0.0000	0.0000	0.0055	86.1877	0.0055	0.00	9423	0	0
0x50	 17:59:40.028	-16.0000	0.0000	0.0000	0.0000	0.0000	0.0000	0.0110	0.0549	0.0000	0.00	9423	0	0
0x50	 17:59:40.028	-16.0000	0.0000	0.0000	0.0000	0.0000	0.0000	0.0165	129.0344	0.0055	0.00	9423	0	0
0x50	 17:59:40.137	-15.0000	0.0000	0.0000	0.0000	0.0000	0.0000	0.0055	84.5563	0.0055	0.00	9424	0	0
0x50	 17:59:40.137	-15.0000	0.0000	0.0000	0.0000	0.0000	0.0000	0.0110	0.0549	0.0000	0.00	9424	0	0
0x50	 17:59:40.137	-15.0000	0.0000	0.0000	0.0000	0.0000	0.0000	0.0165	129.0344	0.0055	0.00	9424	0	0
0x50	 17:59:40.227	-14.0000	0.0000	0.0000	0.0000	0.0000	0.0000	0.0055	87.7203	0.0055	0.00	9425	0	0
0x50	 17:59:40.228	-14.0000	0.0000	0.0000	0.0000	0.0000	0.0000	0.0110	0.0494	0.0000	0.00	9425	0	0
0x50	 17:59:40.228	-14.0000	0.0000	0.0000	0.0000	0.0000	0.0000	0.0165	129.0344	0.0055	0.00	9425	0	0
0x50	 17:59:40.327	-13.0000	0.0000	0.0000	0.0000	0.0000	0.0000	0.0055	89.8737	0.0055	0.00	9426	0	0
0x50	 17:59:40.328	-13.0000	0.0000	0.0000	0.0000	0.0000	0.0000	0.0110	0.0494	0.0000	0.00	9426	0	0
0x50	 17:59:40.328	-13.0000	0.0000	0.0000	0.0000	0.0000	0.0000	0.0165	129.0344	0.0055	0.00	9426	0	0
0x50	 17:59:40.427	-12.0000	0.0000	0.0000	0.0000	0.0000	0.0000	0.0055	93.3508	0.0055	0.00	9427	0	0
0x50	 17:59:40.428	-12.0000	0.0000	0.0000	0.0000	0.0000	0.0000	0.0110	0.0494	0.0000	0.00	9427	0	0
0x50	 17:59:40.428	-12.0000	0.0000	0.0000	0.0000	0.0000	0.0000	0.0165	129.0344	0.0055	0.00	9427	0	0
0x50	 17:59:40.568	-11.0000	0.0000	0.0000	0.0000	0.0000	0.0000	0.0055	93.9990	0.0055	0.00	9428	0	0
0x50	 17:59:40.568	-11.0000	0.0000	0.0000	0.0000	0.0000	0.0000	0.0110	0.0439	0.0000	0.00	9428	0	0
0x50	 17:59:40.568	-11.0000	0.0000	0.0000	0.0000	0.0000	0.0000	0.0165	129.0344	0.0055	0.00	9428	0	0
0x50	 17:59:40.628	-10.0000	0.0000	0.0000	0.0000	0.0000	0.0000	0.0055	94.0759	0.0055	0.00	9429	0	0
0x50	 17:59:40.629	-10.0000	0.0000	0.0000	0.0000	0.0000	0.0000	0.0110	0.0439	0.0000	0.00	9429	0	0
0x50	 17:59:40.629	-10.0000	0.0000	0.0000	0.0000	0.0000	0.0000	0.0165	129.0344	0.0055	0.00	9429	0	0
0x50	 17:59:40.749	-9.0000	0.0000	0.0000	0.0000	0.0000	0.0000	0.0055	91.4832	0.0055	0.00	9430	0	0
0x50	 17:59:40.749	-9.0000	0.0000	0.0000	0.0000	0.0000	0.0000	0.0110	0.0385	0.0000	0.00	9430	0	0
0x50	 17:59:40.749	-9.0000	0.0000	0.0000	0.0000	0.0000	0.0000	0.0165	129.0344	0.0055	0.00	9430	0	0
0x50	 17:59:40.828	-8.0000	0.0000	0.0000	0.0000	0.0000	0.0000	0.0055	92.7631	0.0055	0.00	9431	0	0
0x50	 17:59:40.828	-8.0000	0.0000	0.0000	0.0000	0.0000	0.0000	0.0110	0.0385	0.0000	0.00	9431	0	0
0x50	 17:59:40.828	-8.0000	0.0000	0.0000	0.0000	0.0000	0.0000	0.0165	129.0344	0.0055	0.00	9431	0	0
0x50	 17:59:40.927	-7.0000	0.0000	0.0000	0.0000	0.0000	0.0000	0.0055	92.8674	0.0055	0.00	9432	0	0
0x50	 17:59:40.928	-7.0000	0.0000	0.0000	0.0000	0.0000	0.0000	0.0110	0.0385	0.0000	0.00	9432	0	0
0x50	 17:59:40.928	-7.0000	0.0000	0.0000	0.0000	0.0000	0.0000	0.0165	129.0344	0.0055	0.00	9432	0	0
0x50	 17:59:41.029	-6.0000	0.0000	0.0000	0.0000	0.0000	0.0000	0.0055	94.9219	0.0055	0.00	9433	0	0
0x50	 17:59:41.030	-6.0000	0.0000	0.0000	0.0000	0.0000	0.0000	0.0110	0.0330	0.0000	0.00	9433	0	0
0x50	 17:59:41.030	-6.0000	0.0000	0.0000	0.0000	0.0000	0.0000	0.0165	129.0344	0.0055	0.00	9433	0	0
0x50	 17:59:41.128	-5.0000	0.0000	0.0000	0.0000	0.0000	0.0000	0.0055	97.5311	0.0055	0.00	9434	0	0
0x50	 17:59:41.129	-5.0000	0.0000	0.0000	0.0000	0.0000	0.0000	0.0110	0.0330	0.0000	0.00	9434	0	0
0x50	 17:59:41.129	-5.0000	0.0000	0.0000	0.0000	0.0000	0.0000	0.0165	129.0344	0.0055	0.00	9434	0	0
0x50	 17:59:41.227	-4.0000	0.0000	0.0000	0.0000	0.0000	0.0000	0.0055	99.1406	0.0055	0.00	9435	0	0
0x50	 17:59:41.228	-4.0000	0.0000	0.0000	0.0000	0.0000	0.0000	0.0110	0.0330	0.0000	0.00	9435	0	0
0x50	 17:59:41.228	-4.0000	0.0000	0.0000	0.0000	0.0000	0.0000	0.0165	129.0344	0.0055	0.00	9435	0	0
0x50	 17:59:41.373	-3.0000	0.0000	0.0000	-0.1221	-0.0610	0.0000	0.0055	93.9441	0.0055	0.00	9436	0	0
0x50	 17:59:41.373	-3.0000	0.0000	0.0000	-0.1221	-0.0610	0.0000	0.0110	0.0275	0.0000	0.00	9436	0	0
0x50	 17:59:41.373	-3.0000	0.0000	0.0000	-0.1221	-0.0610	0.0000	0.0165	129.0179	0.0055	0.00	9436	0	0
0x50	 17:59:41.427	-2.0000	0.0000	0.0000	-0.2441	-0.1221	0.0000	0.0055	90.4779	0.0055	0.00	9437	0	0
0x50	 17:59:41.428	-2.0000	0.0000	0.0000	-0.2441	-0.1221	0.0000	0.0110	0.0165	0.0000	0.00	9437	0	0
0x50	 17:59:41.429	-2.0000	0.0000	0.0000	-0.2441	-0.1221	0.0000	0.0165	128.9630	0.0055	0.00	9437	0	0
0x50	 17:59:41.573	-1.0000	0.0000	0.0000	0.0610	0.0000	0.0000	0.0055	83.7103	0.0055	0.00	9438	0	0
0x50	 17:59:41.573	-1.0000	0.0000	0.0000	0.0610	0.0000	0.0000	0.0110	0.0165	0.0000	0.00	9438	0	0
0x50	 17:59:41.573	-1.0000	0.0000	0.0000	0.0610	0.0000	0.0000	0.0165	128.9575	0.0055	0.00	9438	0	0
0x50	 17:59:41.627	0.0000	0.0000	0.0000	0.0000	0.0000	0.0000	0.0055	93.5046	0.0055	0.00	9439	0	0
0x50	 17:59:41.628	0.0000	0.0000	0.0000	0.0000	0.0000	0.0000	0.0110	0.0165	0.0000	0.00	9439	0	0
0x50	 17:59:41.628	0.0000	0.0000	0.0000	0.0000	0.0000	0.0000	0.0165	128.9630	0.0055	0.00	9439	0	0
0x50	 17:59:41.769	1.0000	0.0000	0.0000	0.0000	0.0000	0.0000	0.0055	97.4103	0.0055	0.00	9440	0	0
0x50	 17:59:41.769	1.0000	0.0000	0.0000	0.0000	0.0000	0.0000	0.0110	0.0165	0.0000	0.00	9440	0	0
0x50	 17:59:41.769	1.0000	0.0000	0.0000	0.0000	0.0000	0.0000	0.0165	128.9740	0.0055	0.00	9440	0	0
0x50	 17:59:41.827	2.0000	0.0000	0.0000	0.0000	0.0000	0.0000	0.0055	101.8213	0.0055	0.00	9441	0	0
0x50	 17:59:41.828	2.0000	0.0000	0.0000	0.0000	0.0000	0.0000	0.0110	0.0165	0.0000	0.00	9441	0	0
0x50	 17:59:41.828	2.0000	0.0000	0.0000	0.0000	0.0000	0.0000	0.0165	128.9905	0.0055	0.00	9441	0	0
0x50	 17:59:41.947	3.0000	0.0000	0.0000	-2.4414	-0.1221	0.0000	0.0055	109.1327	0.0055	0.00	9442	0	0
0x50	 17:59:41.947	3.0000	0.0000	0.0000	-2.4414	-0.1221	0.0000	0.0110	2.6971	0.0000	0.00	9442	0	0
0x50	 17:59:41.947	3.0000	0.0000	0.0000	-2.4414	-0.1221	0.0000	0.0165	130.8636	0.0055	0.00	9442	0	0
0x50	 17:59:42.028	4.0000	0.0000	0.0000	-88.8062	1.5869	20.5688	0.0055	96.0809	0.0055	0.00	9443	0	0
0x50	 17:59:42.028	4.0000	0.0000	0.0000	-88.8062	1.5869	20.5688	0.0110	-8.6682	-0.0055	0.00	9443	0	0
0x50	 17:59:42.028	4.0000	0.0000	0.0000	-88.8062	1.5869	20.5688	0.0165	126.0956	0.0055	0.00	9443	0	0
0x50	 17:59:42.127	5.0000	0.0000	0.0000	-52.7954	150.4517	84.2896	0.0055	44.7089	0.0055	0.00	9444	0	0
0x50	 17:59:42.128	5.0000	0.0000	0.0000	-52.7954	150.4517	84.2896	0.0110	-6.7566	-0.0055	0.00	9444	0	0
0x50	 17:59:42.128	5.0000	0.0000	0.0000	-52.7954	150.4517	84.2896	0.0165	-85.2979	0.0055	0.00	9444	0	0
0x50	 17:59:42.227	6.0000	0.0000	0.0000	69.1528	25.2075	-9.7046	0.0055	73.3063	0.0055	0.00	9445	0	0
0x50	 17:59:42.229	6.0000	0.0000	0.0000	69.1528	25.2075	-9.7046	0.0110	-24.9609	-0.0055	0.00	9445	0	0
0x50	 17:59:42.229	6.0000	0.0000	0.0000	69.1528	25.2075	-9.7046	0.0165	-29.3170	0.0055	0.00	9445	0	0
0x50	 17:59:42.328	7.0000	0.0000	0.0000	-59.8145	107.8491	7.3242	0.0055	65.3412	0.0055	0.00	9446	0	0
0x50	 17:59:42.328	7.0000	0.0000	0.0000	-59.8145	107.8491	7.3242	0.0110	-11.5796	-0.0055	0.00	9446	0	0
0x50	 17:59:42.328	7.0000	0.0000	0.0000	-59.8145	107.8491	7.3242	0.0165	5.1471	0.0110	0.00	9446	0	0
0x50	 17:59:42.427	8.0000	0.0000	0.0000	-1.2207	86.4258	35.5835	0.0055	52.8497	0.0055	0.00	9447	0	0
0x50	 17:59:42.428	8.0000	0.0000	0.0000	-1.2207	86.4258	35.5835	0.0110	-8.6407	-0.0055	0.00	9447	0	0
0x50	 17:59:42.428	8.0000	0.0000	0.0000	-1.2207	86.4258	35.5835	0.0165	19.2700	0.0110	0.00	9447	0	0
0x50	 17:59:42.528	9.0000	0.0000	0.0000	-0.9766	33.8745	2.0752	0.0055	50.2789	0.0055	0.00	9448	0	0
0x50	 17:59:42.528	9.0000	0.0000	0.0000	-0.9766	33.8745	2.0752	0.0110	-6.4490	-0.0055	0.00	9448	0	0
0x50	 17:59:42.528	9.0000	0.0000	0.0000	-0.9766	33.8745	2.0752	0.0165	32.6404	0.0110	0.00	9448	0	0
0x50	 17:59:42.627	10.0000	0.0000	0.0000	1.3428	-104.6143	-61.0352	0.0055	49.7296	0.0055	0.00	9449	0	0
0x50	 17:59:42.629	10.0000	0.0000	0.0000	1.3428	-104.6143	-61.0352	0.0110	1.3678	0.0000	0.00	9449	0	0
0x50	 17:59:42.629	10.0000	0.0000	0.0000	1.3428	-104.6143	-61.0352	0.0165	-12.0685	0.0055	0.00	9449	0	0
0x50	 17:59:42.727	11.0000	0.0000	0.0000	-15.8081	-161.9263	-37.9639	0.0055	37.8314	0.0055	0.00	9450	0	0
0x50	 17:59:42.728	11.0000	0.0000	0.0000	-15.8081	-161.9263	-37.9639	0.0110	8.6792	0.0000	0.00	9450	0	0
0x50	 17:59:42.728	11.0000	0.0000	0.0000	-15.8081	-161.9263	-37.9639	0.0165	-101.0522	0.0055	0.00	9450	0	0
0x50	 17:59:42.827	12.0000	0.0000	0.0000	3.7842	-110.2295	0.1831	0.0055	43.3630	0.0055	0.00	9451	0	0
0x50	 17:59:42.829	12.0000	0.0000	0.0000	3.7842	-110.2295	0.1831	0.0110	1.4063	0.0000	0.00	9451	0	0
0x50	 17:59:42.830	12.0000	0.0000	0.0000	3.7842	-110.2295	0.1831	0.0165	178.6981	0.0055	0.00	9451	0	0
0x50	 17:59:42.927	13.0000	0.0000	0.0000	14.4043	-181.9458	-17.1509	0.0055	47.6477	0.0055	0.00	9452	0	0
0x50	 17:59:42.928	13.0000	0.0000	0.0000	14.4043	-181.9458	-17.1509	0.0110	-12.0081	-0.0055	0.00	9452	0	0
0x50	 17:59:42.928	13.0000	0.0000	0.0000	14.4043	-181.9458	-17.1509	0.0165	123.7225	0.0055	0.00	9452	0	0
0x50	 17:59:43.027	14.0000	0.0000	0.0000	47.3022	1.8921	-8.7280	0.0055	71.1035	0.0055	0.00	9453	0	0
0x50	 17:59:43.028	14.0000	0.0000	0.0000	47.3022	1.8921	-8.7280	0.0110	-23.6096	-0.0055	0.00	9453	0	0
0x50	 17:59:43.028	14.0000	0.0000	0.0000	47.3022	1.8921	-8.7280	0.0165	51.6028	0.0055	0.00	9453	0	0
0x50	 17:59:43.127	15.0000	0.0000	0.0000	26.5503	0.0000	-2.4414	0.0055	93.4167	0.0055	0.00	9454	0	0
0x50	 17:59:43.128	15.0000	0.0000	0.0000	26.5503	0.0000	-2.4414	0.0110	-19.6436	-0.0055	0.00	9454	0	0
0x50	 17:59:43.128	15.0000	0.0000	0.0000	26.5503	0.0000	-2.4414	0.0165	55.4919	0.0055	0.00	9454	0	0
0x50	 17:59:43.228	-16.0000	0.0000	0.0000	41.0767	0.3662	-3.7842	0.0055	118.5425	0.0055	0.00	9455	0	0
0x50	 17:59:43.228	-16.0000	0.0000	0.0000	41.0767	0.3662	-3.7842	0.0110	-19.5721	-0.0055	0.00	9455	0	0
0x50	 17:59:43.228	-16.0000	0.0000	0.0000	41.0767	0.3662	-3.7842	0.0165	59.2657	0.0055	0.00	9455	0	0
0x50	 17:59:43.328	-15.0000	0.0000	0.0000	-24.0479	-0.1221	-2.3193	0.0055	128.1116	0.0055	0.00	9456	0	0
0x50	 17:59:43.328	-15.0000	0.0000	0.0000	-24.0479	-0.1221	-2.3193	0.0110	-15.1117	-0.0055	0.00	9456	0	0
0x50	 17:59:43.328	-15.0000	0.0000	0.0000	-24.0479	-0.1221	-2.3193	0.0165	63.1110	0.0055	0.00	9456	0	0
0x50	 17:59:43.427	-14.0000	0.0000	0.0000	-61.0962	111.9995	7.6904	0.0055	96.5314	0.0055	0.00	9457	0	0
0x50	 17:59:43.428	-14.0000	0.0000	0.0000	-61.0962	111.9995	7.6904	0.0110	-11.9971	-0.0055	0.00	9457	0	0
0x50	 17:59:43.428	-14.0000	0.0000	0.0000	-61.0962	111.9995	7.6904	0.0165	76.8933	0.0055	0.00	9457	0	0
0x50	 17:59:43.528	-13.0000	0.0000	0.0000	27.4658	-96.7407	5.7373	0.0055	84.0509	0.0055	0.00	9458	0	0
0x50	 17:59:43.559	-13.0000	0.0000	0.0000	27.4658	-96.7407	5.7373	0.0110	-13.7878	-0.0055	0.00	9458	0	0
0x50	 17:59:43.559	-13.0000	0.0000	0.0000	27.4658	-96.7407	5.7373	0.0165	101.5686	0.0055	0.00	9458	0	0
0x50	 17:59:43.627	-12.0000	0.0000	0.0000	42.9688	1.1597	-6.7139	0.0055	119.6851	0.0055	0.00	9459	0	0
0x50	 17:59:43.628	-12.0000	0.0000	0.0000	42.9688	1.1597	-6.7139	0.0110	-12.6617	-0.0055	0.00	9459	0	0
0x50	 17:59:43.628	-12.0000	0.0000	0.0000	42.9688	1.1597	-6.7139	0.0165	70.7739	0.0055	0.00	9459	0	0
0x50	 17:59:43.727	-11.0000	0.0000	0.0000	27.1606	1.1597	-9.5215	0.0055	137.3730	0.0055	0.00	9460	0	0
0x50	 17:59:43.728	-11.0000	0.0000	0.0000	27.1606	1.1597	-9.5215	0.0110	-7.2290	-0.0055	0.00	9460	0	0
0x50	 17:59:43.728	-11.0000	0.0000	0.0000	27.1606	1.1597	-9.5215	0.0165	74.6466	0.0055	0.00	9460	0	0
0x50	 17:59:43.827	-10.0000	0.0000	0.0000	-1.4648	0.1831	-1.1597	0.0055	139.3121	0.0055	0.00	9461	0	0
0x50	 17:59:43.828	-10.0000	0.0000	0.0000	-1.4648	0.1831	-1.1597	0.0110	-4.2902	-0.0055	0.00	9461	0	0
0x50	 17:59:43.828	-10.0000	0.0000	0.0000	-1.4648	0.1831	-1.1597	0.0165	77.9480	0.0055	0.00	9461	0	0
0x50	 17:59:43.927	-9.0000	0.0000	0.0000	0.4883	0.0000	-0.3052	0.0055	146.4752	0.0055	0.00	9462	0	0
0x50	 17:59:43.928	-9.0000	0.0000	0.0000	0.4883	0.0000	-0.3052	0.0110	-3.3179	-0.0055	0.00	9462	0	0
0x50	 17:59:43.928	-9.0000	0.0000	0.0000	0.4883	0.0000	-0.3052	0.0165	80.4474	0.0055	0.00	9462	0	0
0x50	 17:59:44.028	-8.0000	0.0000	0.0000	0.3662	0.0000	0.0000	0.0055	149.3152	0.0055	0.00	9463	0	0
0x50	 17:59:44.028	-8.0000	0.0000	0.0000	0.3662	0.0000	0.0000	0.0110	-2.9279	-0.0055	0.00	9463	0	0
0x50	 17:59:44.028	-8.0000	0.0000	0.0000	0.3662	0.0000	0.0000	0.0165	82.8864	0.0055	0.00	9463	0	0
0x50	 17:59:44.127	-7.0000	0.0000	0.0000	0.1221	0.0000	-0.0610	0.0055	148.1671	0.0055	0.00	9464	0	0
0x50	 17:59:44.128	-7.0000	0.0000	0.0000	0.1221	0.0000	-0.0610	0.0110	-2.8070	-0.0055	0.00	9464	0	0
0x50	 17:59:44.128	-7.0000	0.0000	0.0000	0.1221	0.0000	-0.0610	0.0165	85.1495	0.0055	0.00	9464	0	0
0x50	 17:59:44.230	-6.0000	0.0000	0.0000	0.0610	0.0000	0.0000	0.0055	141.2347	0.0055	0.00	9465	0	0
0x50	 17:59:44.230	-6.0000	0.0000	0.0000	0.0610	0.0000	0.0000	0.0110	-3.1146	-0.0055	0.00	9465	0	0
0x50	 17:59:44.230	-6.0000	0.0000	0.0000	0.0610	0.0000	0.0000	0.0165	87.3962	0.0055	0.00	9465	0	0
0x50	 17:59:44.328	-5.0000	0.0000	0.0000	0.0610	0.0000	0.0000	0.0055	142.1246	0.0055	0.00	9466	0	0
0x50	 17:59:44.328	-5.0000	0.0000	0.0000	0.0610	0.0000	0.0000	0.0110	-2.9224	-0.0055	0.00	9466	0	0
0x50	 17:59:44.329	-5.0000	0.0000	0.0000	0.0610	0.0000	0.0000	0.0165	89.4672	0.0055	0.00	9466	0	0
0x50	 17:59:44.427	-4.0000	0.0000	0.0000	0.0000	0.0000	0.0000	0.0055	142.9541	0.0055	0.00	9467	0	0
0x50	 17:59:44.428	-4.0000	0.0000	0.0000	0.0000	0.0000	0.0000	0.0110	-2.7301	-0.0055	0.00	9467	0	0
0x50	 17:59:44.428	-4.0000	0.0000	0.0000	0.0000	0.0000	0.0000	0.0165	91.5161	0.0055	0.00	9467	0	0
0x50	 17:59:44.528	-3.0000	0.0000	0.0000	0.0000	0.0000	0.0000	0.0055	141.3281	0.0055	0.00	9468	0	0
0x50	 17:59:44.528	-3.0000	0.0000	0.0000	0.0000	0.0000	0.0000	0.0110	-2.7026	-0.0055	0.00	9468	0	0
0x50	 17:59:44.528	-3.0000	0.0000	0.0000	0.0000	0.0000	0.0000	0.0165	93.3728	0.0055	0.00	9468	0	0
0x50	 17:59:44.627	-2.0000	0.0000	0.0000	0.0610	0.0000	0.0000	0.0055	138.2904	0.0055	0.00	9469	0	0
0x50	 17:59:44.628	-2.0000	0.0000	0.0000	0.0610	0.0000	0.0000	0.0110	-2.7356	-0.0055	0.00	9469	0	0
0x50	 17:59:44.628	-2.0000	0.0000	0.0000	0.0610	0.0000	0.0000	0.0165	95.2954	0.0055	0.00	9469	0	0
0x50	 17:59:44.728	-1.0000	0.0000	0.0000	0.0610	0.0000	0.0000	0.0055	133.7695	0.0055	0.00	9470	0	0
0x50	 17:59:44.728	-1.0000	0.0000	0.0000	0.0610	0.0000	0.0000	0.0110	-2.8180	-0.0055	0.00	9470	0	0
0x50	 17:59:44.730	-1.0000	0.0000	0.0000	0.0610	0.0000	0.0000	0.0165	97.0862	0.0055	0.00	9470	0	0
0x50	 17:59:44.827	0.0000	0.0000	0.0000	0.0610	0.0000	0.0000	0.0055	132.5775	0.0055	0.00	9471	0	0
0x50	 17:59:44.828	0.0000	0.0000	0.0000	0.0610	0.0000	0.0000	0.0110	-2.7356	-0.0055	0.00	9471	0	0
0x50	 17:59:44.828	0.0000	0.0000	0.0000	0.0610	0.0000	0.0000	0.0165	98.7286	0.0055	0.00	9471	0	0
0x50	 17:59:44.927	1.0000	0.0000	0.0000	-0.1831	0.0000	0.0000	0.0055	134.6539	0.0055	0.00	9472	0	0
0x50	 17:59:44.928	1.0000	0.0000	0.0000	-0.1831	0.0000	0.0000	0.0110	-2.5159	-0.0055	0.00	9472	0	0
0x50	 17:59:44.928	1.0000	0.0000	0.0000	-0.1831	0.0000	0.0000	0.0165	100.1184	0.0055	0.00	9472	0	0
0x50	 17:59:45.027	2.0000	0.0000	0.0000	0.0610	0.0000	0.0000	0.0055	134.5605	0.0055	0.00	9473	0	0
0x50	 17:59:45.028	2.0000	0.0000	0.0000	0.0610	0.0000	0.0000	0.0110	-2.3895	-0.0055	0.00	9473	0	0
0x50	 17:59:45.029	2.0000	0.0000	0.0000	0.0610	0.0000	0.0000	0.0165	101.5961	0.0055	0.00	9473	0	0
0x50	 17:59:45.127	3.0000	0.0000	0.0000	0.0000	0.0000	0.0000	0.0055	130.6384	0.0055	0.00	9474	0	0
0x50	 17:59:45.128	3.0000	0.0000	0.0000	0.0000	0.0000	0.0000	0.0110	-2.4335	-0.0055	0.00	9474	0	0
0x50	 17:59:45.128	3.0000	0.0000	0.0000	0.0000	0.0000	0.0000	0.0165	102.9694	0.0055	0.00	9474	0	0
0x50	 17:59:45.227	4.0000	0.0000	0.0000	0.0000	-0.0610	0.0000	0.0055	132.0227	0.0055	0.00	9475	0	0
0x50	 17:59:45.228	4.0000	0.0000	0.0000	0.0000	-0.0610	0.0000	0.0110	-2.2687	-0.0055	0.00	9475	0	0
0x50	 17:59:45.228	4.0000	0.0000	0.0000	0.0000	-0.0610	0.0000	0.0165	104.1998	0.0055	0.00	9475	0	0
0x50	 17:59:45.329	5.0000	0.0000	0.0000	0.0610	0.0000	0.0000	0.0055	128.2379	0.0055	0.00	9476	0	0
0x50	 17:59:45.329	5.0000	0.0000	0.0000	0.0610	0.0000	0.0000	0.0110	-2.3016	-0.0055	0.00	9476	0	0
0x50	 17:59:45.329	5.0000	0.0000	0.0000	0.0610	0.0000	0.0000	0.0165	105.4028	0.0055	0.00	9476	0	0
0x50	 17:59:45.428	6.0000	0.0000	0.0000	0.0610	0.0000	0.0000	0.0055	127.2546	0.0055	0.00	9477	0	0
0x50	 17:59:45.428	6.0000	0.0000	0.0000	0.0610	0.0000	0.0000	0.0110	-2.2247	-0.0055	0.00	9477	0	0
0x50	 17:59:45.430	6.0000	0.0000	0.0000	0.0610	0.0000	0.0000	0.0165	106.5564	0.0055	0.00	9477	0	0
0x50	 17:59:45.527	7.0000	0.0000	0.0000	0.0000	0.0000	0.0000	0.0055	128.0896	0.0055	0.00	9478	0	0
0x50	 17:59:45.528	7.0000	0.0000	0.0000	0.0000	0.0000	0.0000	0.0110	-2.0819	-0.0055	0.00	9478	0	0
0x50	 17:59:45.528	7.0000	0.0000	0.0000	0.0000	0.0000	0.0000	0.0165	107.7209	0.0055	0.00	9478	0	0
0x50	 17:59:45.627	8.0000	0.0000	0.0000	0.0000	0.0000	0.0000	0.0055	126.6010	0.0055	0.00	9479	0	0
0x50	 17:59:45.628	8.0000	0.0000	0.0000	0.0000	0.0000	0.0000	0.0110	-2.0270	-0.0055	0.00	9479	0	0
0x50	 17:59:45.628	8.0000	0.0000	0.0000	0.0000	0.0000	0.0000	0.0165	108.7866	0.0055	0.00	9479	0	0
0x50	 17:59:45.727	9.0000	0.0000	0.0000	0.0000	0.0000	0.0000	0.0055	128.2489	0.0055	0.00	9480	0	0
0x50	 17:59:45.728	9.0000	0.0000	0.0000	0.0000	0.0000	0.0000	0.0110	-1.8842	-0.0055	0.00	9480	0	0
0x50	 17:59:45.732	9.0000	0.0000	0.0000	0.0000	0.0000	0.0000	0.0165	109.6710	0.0055	0.00	9480	0	0
0x50	 17:59:45.828	10.0000	0.0000	0.0000	0.0000	0.0000	0.0000	0.0055	127.9962	0.0055	0.00	9481	0	0
0x50	 17:59:45.828	10.0000	0.0000	0.0000	0.0000	0.0000	0.0000	0.0110	-1.8018	-0.0055	0.00	9481	0	0
0x50	 17:59:45.828	10.0000	0.0000	0.0000	0.0000	0.0000	0.0000	0.0165	110.6104	0.0055	0.00	9481	0	0
0x50	 17:59:45.928	11.0000	0.0000	0.0000	0.0000	0.0000	0.0000	0.0055	130.0177	0.0055	0.00	9482	0	0
0x50	 17:59:45.928	11.0000	0.0000	0.0000	0.0000	0.0000	0.0000	0.0110	-1.6589	-0.0055	0.00	9482	0	0
0x50	 17:59:45.929	11.0000	0.0000	0.0000	0.0000	0.0000	0.0000	0.0165	111.5167	0.0055	0.00	9482	0	0
0x50	 17:59:46.039	12.0000	0.0000	0.0000	0.0000	0.0000	0.0000	0.0055	126.8042	0.0055	0.00	9483	0	0
0x50	 17:59:46.039	12.0000	0.0000	0.0000	0.0000	0.0000	0.0000	0.0110	-1.6644	-0.0055	0.00	9483	0	0
0x50	 17:59:46.039	12.0000	0.0000	0.0000	0.0000	0.0000	0.0000	0.0165	112.4066	0.0055	0.00	9483	0	0
