StartTime: 2021-12-24 17:34:30.960
address	Time(s)	ax(g)	ay(g)	az(g)	wx(deg/s)	wy(deg/s)	wz(deg/s)	AngleX(deg)	AngleY(deg)	AngleZ(deg)	T(°)
0x50	 17:34:30.960	-3.0000	0.0000	0.0000	0.0000	0.0000	0.0000	0.0110	-0.3900	-0.0055	0.00
0x50	 17:34:30.960	-3.0000	0.0000	0.0000	0.0000	0.0000	0.0000	0.0165	-61.8750	-0.0110	0.00
0x50	 17:34:31.059	-2.0000	0.0000	0.0000	0.0000	0.0000	0.0000	0.0055	96.4490	0.0055	0.00
0x50	 17:34:31.060	-2.0000	0.0000	0.0000	0.0000	0.0000	0.0000	0.0110	-1.0931	-0.0055	0.00
0x50	 17:34:31.060	-2.0000	0.0000	0.0000	0.0000	0.0000	0.0000	0.0165	-62.5177	-0.0110	0.00
0x50	 17:34:31.177	-1.0000	0.0000	0.0000	0.0000	0.0000	0.0000	0.0055	97.2125	0.0055	0.00
0x50	 17:34:31.177	-1.0000	0.0000	0.0000	0.0000	0.0000	0.0000	0.0110	-1.0382	-0.0055	0.00
0x50	 17:34:31.177	-1.0000	0.0000	0.0000	0.0000	0.0000	0.0000	0.0165	-62.4902	-0.0110	0.00
0x50	 17:34:31.259	0.0000	0.0000	0.0000	0.0000	0.0000	0.0000	0.0055	98.5803	0.0055	0.00
0x50	 17:34:31.261	0.0000	0.0000	0.0000	0.0000	0.0000	0.0000	0.0110	-0.9888	-0.0055	0.00
0x50	 17:34:31.261	0.0000	0.0000	0.0000	0.0000	0.0000	0.0000	0.0165	-62.4628	-0.0110	0.00
0x50	 17:34:31.372	1.0000	0.0000	0.0000	0.0000	0.0000	0.0000	0.0055	101.8213	0.0055	0.00
0x50	 17:34:31.372	1.0000	0.0000	0.0000	0.0000	0.0000	0.0000	0.0110	-0.9393	-0.0055	0.00
0x50	 17:34:31.372	1.0000	0.0000	0.0000	0.0000	0.0000	0.0000	0.0165	-62.4463	-0.0110	0.00
0x50	 17:34:31.459	2.0000	0.0000	0.0000	0.0000	0.0000	0.0000	0.0055	95.1581	0.0055	0.00
0x50	 17:34:31.460	2.0000	0.0000	0.0000	0.0000	0.0000	0.0000	0.0110	-0.9009	-0.0055	0.00
0x50	 17:34:31.460	2.0000	0.0000	0.0000	0.0000	0.0000	0.0000	0.0165	-62.4078	-0.0110	0.00
0x50	 17:34:31.574	3.0000	0.0000	0.0000	-0.1221	-0.0610	0.0000	0.0055	98.2672	0.0055	0.00
0x50	 17:34:31.574	3.0000	0.0000	0.0000	-0.1221	-0.0610	0.0000	0.0110	-0.8569	-0.0055	0.00
0x50	 17:34:31.574	3.0000	0.0000	0.0000	-0.1221	-0.0610	0.0000	0.0165	-62.4243	-0.0110	0.00
0x50	 17:34:31.659	4.0000	0.0000	0.0000	0.0000	0.0000	0.0000	0.0055	95.3888	0.0055	0.00
0x50	 17:34:31.660	4.0000	0.0000	0.0000	0.0000	0.0000	0.0000	0.0110	-0.8185	-0.0055	0.00
0x50	 17:34:31.661	4.0000	0.0000	0.0000	0.0000	0.0000	0.0000	0.0165	-62.4463	-0.0110	0.00
0x50	 17:34:31.767	5.0000	0.0000	0.0000	-0.0610	0.0000	0.0000	0.0055	88.7311	0.0055	0.00
0x50	 17:34:31.767	5.0000	0.0000	0.0000	-0.0610	0.0000	0.0000	0.0110	-0.7855	-0.0055	0.00
0x50	 17:34:31.767	5.0000	0.0000	0.0000	-0.0610	0.0000	0.0000	0.0165	-62.4023	-0.0110	0.00
0x50	 17:34:31.859	6.0000	0.0000	0.0000	0.0000	0.0000	0.0000	0.0055	95.3174	0.0055	0.00
0x50	 17:34:31.860	6.0000	0.0000	0.0000	0.0000	0.0000	0.0000	0.0110	-0.7416	-0.0055	0.00
0x50	 17:34:31.860	6.0000	0.0000	0.0000	0.0000	0.0000	0.0000	0.0165	-62.3859	-0.0110	0.00
0x50	 17:34:31.963	7.0000	0.0000	0.0000	0.0000	0.0000	0.0000	0.0055	90.4230	0.0055	0.00
0x50	 17:34:31.963	7.0000	0.0000	0.0000	0.0000	0.0000	0.0000	0.0110	-0.7086	-0.0055	0.00
0x50	 17:34:31.963	7.0000	0.0000	0.0000	0.0000	0.0000	0.0000	0.0165	-62.3639	-0.0110	0.00
0x50	 17:34:32.061	8.0000	0.0000	0.0000	0.0610	0.0000	0.0000	0.0055	92.3730	0.0055	0.00
0x50	 17:34:32.062	8.0000	0.0000	0.0000	0.0610	0.0000	0.0000	0.0110	-0.6702	-0.0055	0.00
0x50	 17:34:32.062	8.0000	0.0000	0.0000	0.0610	0.0000	0.0000	0.0165	-62.3309	-0.0110	0.00
0x50	 17:34:32.158	9.0000	0.0000	0.0000	-53.0396	-44.3726	-0.3052	0.0055	78.6566	0.0055	0.00
0x50	 17:34:32.159	9.0000	0.0000	0.0000	-53.0396	-44.3726	-0.3052	0.0110	-2.4829	-0.0055	0.00
0x50	 17:34:32.159	9.0000	0.0000	0.0000	-53.0396	-44.3726	-0.3052	0.0165	-69.4391	-0.0110	0.00
0x50	 17:34:32.259	10.0000	0.0000	0.0000	-85.8765	233.1543	20.8130	0.0055	31.5857	0.0055	0.00
0x50	 17:34:32.260	10.0000	0.0000	0.0000	-85.8765	233.1543	20.8130	0.0110	14.0021	0.0000	0.00
0x50	 17:34:32.260	10.0000	0.0000	0.0000	-85.8765	233.1543	20.8130	0.0165	-16.1554	-0.0110	0.00
0x50	 17:34:32.373	11.0000	0.0000	0.0000	70.9229	98.1445	115.4785	0.0055	65.7312	0.0055	0.00
0x50	 17:34:32.373	11.0000	0.0000	0.0000	70.9229	98.1445	115.4785	0.0110	-13.5626	-0.0055	0.00
0x50	 17:34:32.373	11.0000	0.0000	0.0000	70.9229	98.1445	115.4785	0.0165	7.5531	-0.0055	0.00
0x50	 17:34:32.459	12.0000	0.0000	0.0000	-57.9834	4.8218	-24.1699	0.0055	80.5408	0.0055	0.00
0x50	 17:34:32.460	12.0000	0.0000	0.0000	-57.9834	4.8218	-24.1699	0.0110	-32.9755	-0.0055	0.00
0x50	 17:34:32.460	12.0000	0.0000	0.0000	-57.9834	4.8218	-24.1699	0.0165	27.5647	-0.0055	0.00
0x50	 17:34:32.569	13.0000	0.0000	0.0000	13.1226	-31.3110	-9.9487	0.0055	60.6885	0.0055	0.00
0x50	 17:34:32.569	13.0000	0.0000	0.0000	13.1226	-31.3110	-9.9487	0.0110	-21.3025	-0.0055	0.00
0x50	 17:34:32.569	13.0000	0.0000	0.0000	13.1226	-31.3110	-9.9487	0.0165	19.9182	-0.0055	0.00
0x50	 17:34:32.659	14.0000	0.0000	0.0000	-25.2686	-26.4282	-25.6348	0.0055	68.6096	0.0055	0.00
0x50	 17:34:32.660	14.0000	0.0000	0.0000	-25.2686	-26.4282	-25.6348	0.0110	-15.5621	-0.0055	0.00
0x50	 17:34:32.660	14.0000	0.0000	0.0000	-25.2686	-26.4282	-25.6348	0.0165	-0.9119	-0.0110	0.00
0x50	 17:34:32.759	15.0000	0.0000	0.0000	-39.9170	-3.4180	-38.4521	0.0055	57.7496	0.0055	0.00
0x50	 17:34:32.760	15.0000	0.0000	0.0000	-39.9170	-3.4180	-38.4521	0.0110	-0.1978	-0.0055	0.00
0x50	 17:34:32.760	15.0000	0.0000	0.0000	-39.9170	-3.4180	-38.4521	0.0165	-19.6436	-0.0110	0.00
0x50	 17:34:32.859	-16.0000	0.0000	0.0000	-45.7153	-15.1367	-41.4429	0.0055	35.2606	0.0055	0.00
0x50	 17:34:32.860	-16.0000	0.0000	0.0000	-45.7153	-15.1367	-41.4429	0.0110	17.6001	0.0000	0.00
0x50	 17:34:32.860	-16.0000	0.0000	0.0000	-45.7153	-15.1367	-41.4429	0.0165	-27.2736	-0.0110	0.00
0x50	 17:34:32.987	-15.0000	0.0000	0.0000	16.6626	-5.9204	2.3804	0.0055	23.2800	0.0055	0.00
0x50	 17:34:32.987	-15.0000	0.0000	0.0000	16.6626	-5.9204	2.3804	0.0110	25.3070	0.0000	0.00
0x50	 17:34:32.987	-15.0000	0.0000	0.0000	16.6626	-5.9204	2.3804	0.0165	-60.5511	-0.0110	0.00
0x50	 17:34:33.059	-14.0000	0.0000	0.0000	22.4609	-25.7568	4.1504	0.0055	43.5388	0.0055	0.00
0x50	 17:34:33.060	-14.0000	0.0000	0.0000	22.4609	-25.7568	4.1504	0.0110	22.1594	0.0000	0.00
0x50	 17:34:33.060	-14.0000	0.0000	0.0000	22.4609	-25.7568	4.1504	0.0165	-64.5337	-0.0110	0.00
0x50	 17:34:33.165	-13.0000	0.0000	0.0000	21.4233	-160.1563	-6.2866	0.0055	59.6228	0.0055	0.00
0x50	 17:34:33.165	-13.0000	0.0000	0.0000	21.4233	-160.1563	-6.2866	0.0110	5.9601	0.0000	0.00
0x50	 17:34:33.165	-13.0000	0.0000	0.0000	21.4233	-160.1563	-6.2866	0.0165	-128.0182	-0.0110	0.00
0x50	 17:34:33.259	-12.0000	0.0000	0.0000	26.7334	15.8691	-12.8174	0.0055	67.5165	0.0055	0.00
0x50	 17:34:33.260	-12.0000	0.0000	0.0000	26.7334	15.8691	-12.8174	0.0110	-1.4667	-0.0055	0.00
0x50	 17:34:33.260	-12.0000	0.0000	0.0000	26.7334	15.8691	-12.8174	0.0165	-173.4686	-0.0110	0.00
0x50	 17:34:33.360	-11.0000	0.0000	0.0000	48.5840	0.3052	-2.2583	0.0055	87.8961	0.0055	0.00
0x50	 17:34:33.360	-11.0000	0.0000	0.0000	48.5840	0.3052	-2.2583	0.0110	-0.3076	-0.0055	0.00
0x50	 17:34:33.360	-11.0000	0.0000	0.0000	48.5840	0.3052	-2.2583	0.0165	-177.6270	-0.0110	0.00
0x50	 17:34:33.460	-10.0000	0.0000	0.0000	65.9180	0.7324	-2.1362	0.0055	121.7725	0.0055	0.00
0x50	 17:34:33.460	-10.0000	0.0000	0.0000	65.9180	0.7324	-2.1362	0.0110	1.4557	0.0000	0.00
0x50	 17:34:33.460	-10.0000	0.0000	0.0000	65.9180	0.7324	-2.1362	0.0165	-171.5295	-0.0110	0.00
0x50	 17:34:33.587	-9.0000	0.0000	0.0000	1.8311	0.1221	0.3052	0.0055	134.4232	0.0055	0.00
0x50	 17:34:33.587	-9.0000	0.0000	0.0000	1.8311	0.1221	0.3052	0.0110	-0.1208	-0.0055	0.00
0x50	 17:34:33.587	-9.0000	0.0000	0.0000	1.8311	0.1221	0.3052	0.0165	-166.4374	-0.0110	0.00
0x50	 17:34:33.659	-8.0000	0.0000	0.0000	1.9531	-0.0610	0.7935	0.0055	134.9615	0.0055	0.00
0x50	 17:34:33.659	-8.0000	0.0000	0.0000	1.9531	-0.0610	0.7935	0.0110	-0.1483	-0.0055	0.00
0x50	 17:34:33.661	-8.0000	0.0000	0.0000	1.9531	-0.0610	0.7935	0.0165	-161.2079	-0.0110	0.00
0x50	 17:34:33.767	-7.0000	0.0000	0.0000	1.2817	-0.2441	2.3804	0.0055	136.7633	0.0055	0.00
0x50	 17:34:33.767	-7.0000	0.0000	0.0000	1.2817	-0.2441	2.3804	0.0110	-0.5273	-0.0055	0.00
0x50	 17:34:33.767	-7.0000	0.0000	0.0000	1.2817	-0.2441	2.3804	0.0165	-156.3245	-0.0110	0.00
0x50	 17:34:33.860	-6.0000	0.0000	0.0000	11.1084	0.3662	-2.4414	0.0055	131.4459	0.0055	0.00
0x50	 17:34:33.860	-6.0000	0.0000	0.0000	11.1084	0.3662	-2.4414	0.0110	-2.0819	-0.0055	0.00
0x50	 17:34:33.861	-6.0000	0.0000	0.0000	11.1084	0.3662	-2.4414	0.0165	-151.9244	-0.0110	0.00
0x50	 17:34:33.959	-5.0000	0.0000	0.0000	1.9531	0.0000	-1.5259	0.0055	133.7750	0.0055	0.00
0x50	 17:34:33.960	-5.0000	0.0000	0.0000	1.9531	0.0000	-1.5259	0.0110	-0.9723	-0.0055	0.00
0x50	 17:34:33.960	-5.0000	0.0000	0.0000	1.9531	0.0000	-1.5259	0.0165	-147.2168	-0.0110	0.00
0x50	 17:34:34.059	-4.0000	0.0000	0.0000	-3.4180	4.3945	-0.1221	0.0055	132.5995	0.0055	0.00
0x50	 17:34:34.060	-4.0000	0.0000	0.0000	-3.4180	4.3945	-0.1221	0.0110	-0.5219	-0.0055	0.00
0x50	 17:34:34.060	-4.0000	0.0000	0.0000	-3.4180	4.3945	-0.1221	0.0165	-145.2448	-0.0110	0.00
0x50	 17:34:34.159	-3.0000	0.0000	0.0000	1.1597	-1.3428	-0.1221	0.0055	135.3186	0.0055	0.00
0x50	 17:34:34.160	-3.0000	0.0000	0.0000	1.1597	-1.3428	-0.1221	0.0110	-0.8240	-0.0055	0.00
0x50	 17:34:34.160	-3.0000	0.0000	0.0000	1.1597	-1.3428	-0.1221	0.0165	-141.9763	-0.0110	0.00
0x50	 17:34:34.259	-2.0000	0.0000	0.0000	1.4648	-1.5869	-0.5493	0.0055	132.4182	0.0055	0.00
0x50	 17:34:34.260	-2.0000	0.0000	0.0000	1.4648	-1.5869	-0.5493	0.0110	-0.9119	-0.0055	0.00
0x50	 17:34:34.260	-2.0000	0.0000	0.0000	1.4648	-1.5869	-0.5493	0.0165	-138.5486	-0.0110	0.00
0x50	 17:34:34.400	-1.0000	0.0000	0.0000	2.6855	-0.6104	-2.5635	0.0055	138.6639	0.0055	0.00
0x50	 17:34:34.400	-1.0000	0.0000	0.0000	2.6855	-0.6104	-2.5635	0.0110	1.0767	0.0000	0.00
0x50	 17:34:34.400	-1.0000	0.0000	0.0000	2.6855	-0.6104	-2.5635	0.0165	-136.0052	-0.0110	0.00
0x50	 17:34:34.459	0.0000	0.0000	0.0000	-4.9438	1.5259	0.7935	0.0055	142.6465	0.0055	0.00
0x50	 17:34:34.460	0.0000	0.0000	0.0000	-4.9438	1.5259	0.7935	0.0110	1.6260	0.0000	0.00
0x50	 17:34:34.460	0.0000	0.0000	0.0000	-4.9438	1.5259	0.7935	0.0165	-132.1765	-0.0110	0.00
0x50	 17:34:34.602	1.0000	0.0000	0.0000	-0.1831	0.0000	0.0000	0.0055	135.8569	0.0055	0.00
0x50	 17:34:34.602	1.0000	0.0000	0.0000	-0.1831	0.0000	0.0000	0.0110	0.3186	0.0000	0.00
0x50	 17:34:34.602	1.0000	0.0000	0.0000	-0.1831	0.0000	0.0000	0.0165	-124.8596	-0.0110	0.00
0x50	 17:34:34.659	2.0000	0.0000	0.0000	-0.0610	-0.0610	0.2441	0.0055	137.6257	0.0055	0.00
0x50	 17:34:34.659	2.0000	0.0000	0.0000	-0.0610	-0.0610	0.2441	0.0110	0.3186	0.0000	0.00
0x50	 17:34:34.659	2.0000	0.0000	0.0000	-0.0610	-0.0610	0.2441	0.0165	-121.6846	-0.0110	0.00
0x50	 17:34:34.781	3.0000	0.0000	0.0000	-0.3052	0.6104	-5.1270	0.0055	142.5751	0.0055	0.00
0x50	 17:34:34.782	3.0000	0.0000	0.0000	-0.3052	0.6104	-5.1270	0.0110	1.9666	0.0000	0.00
0x50	 17:34:34.782	3.0000	0.0000	0.0000	-0.3052	0.6104	-5.1270	0.0165	-118.6029	-0.0110	0.00
0x50	 17:34:34.858	4.0000	0.0000	0.0000	-3.6011	-0.3662	2.6245	0.0055	139.4495	0.0055	0.00
0x50	 17:34:34.859	4.0000	0.0000	0.0000	-3.6011	-0.3662	2.6245	0.0110	1.1646	0.0000	0.00
0x50	 17:34:34.861	4.0000	0.0000	0.0000	-3.6011	-0.3662	2.6245	0.0165	-115.7629	-0.0110	0.00
0x50	 17:34:34.959	5.0000	0.0000	0.0000	-27.2827	190.4297	-8.4229	0.0055	123.2227	0.0055	0.00
0x50	 17:34:34.960	5.0000	0.0000	0.0000	-27.2827	190.4297	-8.4229	0.0110	0.0659	0.0000	0.00
0x50	 17:34:34.960	5.0000	0.0000	0.0000	-27.2827	190.4297	-8.4229	0.0165	-71.8945	-0.0110	0.00
0x50	 17:34:35.060	6.0000	0.0000	0.0000	-25.6958	136.3525	7.9346	0.0055	107.5067	0.0055	0.00
0x50	 17:34:35.060	6.0000	0.0000	0.0000	-25.6958	136.3525	7.9346	0.0110	5.2844	0.0000	0.00
0x50	 17:34:35.062	6.0000	0.0000	0.0000	-25.6958	136.3525	7.9346	0.0165	5.6635	-0.0055	0.00
0x50	 17:34:35.161	7.0000	0.0000	0.0000	-21.6064	67.0776	4.6997	0.0055	96.8555	0.0055	0.00
0x50	 17:34:35.161	7.0000	0.0000	0.0000	-21.6064	67.0776	4.6997	0.0110	10.9039	0.0000	0.00
0x50	 17:34:35.161	7.0000	0.0000	0.0000	-21.6064	67.0776	4.6997	0.0165	55.1294	-0.0055	0.00
0x50	 17:34:35.260	8.0000	0.0000	0.0000	-5.1270	7.2021	10.0098	0.0055	95.9052	0.0055	0.00
0x50	 17:34:35.261	8.0000	0.0000	0.0000	-5.1270	7.2021	10.0098	0.0110	9.1516	0.0000	0.00
0x50	 17:34:35.261	8.0000	0.0000	0.0000	-5.1270	7.2021	10.0098	0.0165	62.7814	-0.0055	0.00
0x50	 17:34:35.359	9.0000	0.0000	0.0000	-24.7192	64.3921	5.0659	0.0055	90.4175	0.0055	0.00
0x50	 17:34:35.360	9.0000	0.0000	0.0000	-24.7192	64.3921	5.0659	0.0110	5.1196	0.0000	0.00
0x50	 17:34:35.360	9.0000	0.0000	0.0000	-24.7192	64.3921	5.0659	0.0165	73.2788	-0.0055	0.00
0x50	 17:34:35.459	10.0000	0.0000	0.0000	-22.2168	80.8105	2.8687	0.0055	87.9730	0.0055	0.00
0x50	 17:34:35.460	10.0000	0.0000	0.0000	-22.2168	80.8105	2.8687	0.0110	9.2780	0.0000	0.00
0x50	 17:34:35.460	10.0000	0.0000	0.0000	-22.2168	80.8105	2.8687	0.0165	113.5217	-0.0055	0.00
0x50	 17:34:35.560	11.0000	0.0000	0.0000	2.6855	18.2495	5.1880	0.0055	86.1658	0.0055	0.00
0x50	 17:34:35.561	11.0000	0.0000	0.0000	2.6855	18.2495	5.1880	0.0110	12.5464	0.0000	0.00
0x50	 17:34:35.561	11.0000	0.0000	0.0000	2.6855	18.2495	5.1880	0.0165	126.7657	-0.0055	0.00
0x50	 17:34:35.659	12.0000	0.0000	0.0000	27.7100	-23.8647	13.1226	0.0055	88.8794	0.0055	0.00
0x50	 17:34:35.659	12.0000	0.0000	0.0000	27.7100	-23.8647	13.1226	0.0110	9.2944	0.0000	0.00
0x50	 17:34:35.660	12.0000	0.0000	0.0000	27.7100	-23.8647	13.1226	0.0165	120.3333	-0.0055	0.00
0x50	 17:34:35.760	13.0000	0.0000	0.0000	14.9536	-42.2363	12.0239	0.0055	100.1074	0.0055	0.00
0x50	 17:34:35.765	13.0000	0.0000	0.0000	14.9536	-42.2363	12.0239	0.0110	0.6152	0.0000	0.00
0x50	 17:34:35.765	13.0000	0.0000	0.0000	14.9536	-42.2363	12.0239	0.0165	101.1621	-0.0055	0.00
0x50	 17:34:35.858	14.0000	0.0000	0.0000	7.0801	-32.2266	9.4604	0.0055	107.2760	0.0055	0.00
0x50	 17:34:35.859	14.0000	0.0000	0.0000	7.0801	-32.2266	9.4604	0.0110	-5.0757	-0.0055	0.00
0x50	 17:34:35.859	14.0000	0.0000	0.0000	7.0801	-32.2266	9.4604	0.0165	76.2286	-0.0055	0.00
0x50	 17:34:35.959	15.0000	0.0000	0.0000	0.9155	-24.1699	7.2021	0.0055	107.0288	0.0055	0.00
0x50	 17:34:35.960	15.0000	0.0000	0.0000	0.9155	-24.1699	7.2021	0.0110	-10.0305	-0.0055	0.00
0x50	 17:34:35.960	15.0000	0.0000	0.0000	0.9155	-24.1699	7.2021	0.0165	59.4196	-0.0055	0.00
0x50	 17:34:36.059	-16.0000	0.0000	0.0000	6.5918	-52.1851	5.7373	0.0055	112.0825	0.0055	0.00
0x50	 17:34:36.060	-16.0000	0.0000	0.0000	6.5918	-52.1851	5.7373	0.0110	-14.5679	-0.0055	0.00
0x50	 17:34:36.060	-16.0000	0.0000	0.0000	6.5918	-52.1851	5.7373	0.0165	34.4751	-0.0055	0.00
0x50	 17:34:36.159	-15.0000	0.0000	0.0000	-6.3477	-75.7446	3.7842	0.0055	116.0266	0.0055	0.00
0x50	 17:34:36.160	-15.0000	0.0000	0.0000	-6.3477	-75.7446	3.7842	0.0110	-19.3195	-0.0055	0.00
0x50	 17:34:36.160	-15.0000	0.0000	0.0000	-6.3477	-75.7446	3.7842	0.0165	-10.0085	-0.0110	0.00
0x50	 17:34:36.260	-14.0000	0.0000	0.0000	-0.6714	-8.5449	0.6714	0.0055	120.6628	0.0055	0.00
0x50	 17:34:36.260	-14.0000	0.0000	0.0000	-0.6714	-8.5449	0.6714	0.0110	-19.9072	-0.0055	0.00
0x50	 17:34:36.260	-14.0000	0.0000	0.0000	-0.6714	-8.5449	0.6714	0.0165	-28.7677	-0.0110	0.00
0x50	 17:34:36.360	-13.0000	0.0000	0.0000	-0.4272	-17.4561	3.1738	0.0055	123.4424	0.0055	0.00
0x50	 17:34:36.362	-13.0000	0.0000	0.0000	-0.4272	-17.4561	3.1738	0.0110	-20.2313	-0.0055	0.00
0x50	 17:34:36.362	-13.0000	0.0000	0.0000	-0.4272	-17.4561	3.1738	0.0165	-36.5680	-0.0110	0.00
0x50	 17:34:36.461	-12.0000	0.0000	0.0000	4.2114	-22.7051	1.7700	0.0055	124.5026	0.0055	0.00
0x50	 17:34:36.461	-12.0000	0.0000	0.0000	4.2114	-22.7051	1.7700	0.0110	-21.3794	-0.0055	0.00
0x50	 17:34:36.461	-12.0000	0.0000	0.0000	4.2114	-22.7051	1.7700	0.0165	-41.9403	-0.0110	0.00
0x50	 17:34:36.560	-11.0000	0.0000	0.0000	-5.4321	-24.2920	0.9766	0.0055	131.8854	0.0055	0.00
0x50	 17:34:36.560	-11.0000	0.0000	0.0000	-5.4321	-24.2920	0.9766	0.0110	-20.5774	-0.0055	0.00
0x50	 17:34:36.560	-11.0000	0.0000	0.0000	-5.4321	-24.2920	0.9766	0.0165	-62.1332	-0.0110	0.00
0x50	 17:34:36.665	-10.0000	0.0000	0.0000	-8.7891	-15.0757	-15.6860	0.0055	126.8646	0.0055	0.00
0x50	 17:34:36.665	-10.0000	0.0000	0.0000	-8.7891	-15.0757	-15.6860	0.0110	-15.8093	-0.0055	0.00
0x50	 17:34:36.665	-10.0000	0.0000	0.0000	-8.7891	-15.0757	-15.6860	0.0165	-68.9008	-0.0110	0.00
0x50	 17:34:36.760	-9.0000	0.0000	0.0000	0.7324	-28.0151	-6.0425	0.0055	122.0032	0.0055	0.00
0x50	 17:34:36.761	-9.0000	0.0000	0.0000	0.7324	-28.0151	-6.0425	0.0110	-9.2010	-0.0055	0.00
0x50	 17:34:36.762	-9.0000	0.0000	0.0000	0.7324	-28.0151	-6.0425	0.0165	-85.5670	-0.0110	0.00
0x50	 17:34:36.861	-8.0000	0.0000	0.0000	1.6479	-86.5479	-9.2773	0.0055	124.7882	0.0055	0.00
0x50	 17:34:36.861	-8.0000	0.0000	0.0000	1.6479	-86.5479	-9.2773	0.0110	-5.3174	-0.0055	0.00
0x50	 17:34:36.861	-8.0000	0.0000	0.0000	1.6479	-86.5479	-9.2773	0.0165	-107.0123	-0.0110	0.00
0x50	 17:34:36.959	-7.0000	0.0000	0.0000	1.4648	-75.0732	-4.7607	0.0055	125.8813	0.0055	0.00
0x50	 17:34:36.960	-7.0000	0.0000	0.0000	1.4648	-75.0732	-4.7607	0.0110	-2.5818	-0.0055	0.00
0x50	 17:34:36.960	-7.0000	0.0000	0.0000	1.4648	-75.0732	-4.7607	0.0165	-146.2555	-0.0110	0.00
0x50	 17:34:37.059	-6.0000	0.0000	0.0000	2.5024	-15.9302	-6.4697	0.0055	125.7550	0.0055	0.00
0x50	 17:34:37.060	-6.0000	0.0000	0.0000	2.5024	-15.9302	-6.4697	0.0110	-1.4832	-0.0055	0.00
0x50	 17:34:37.060	-6.0000	0.0000	0.0000	2.5024	-15.9302	-6.4697	0.0165	-172.4634	-0.0110	0.00
0x50	 17:34:37.159	-5.0000	0.0000	0.0000	8.7280	-0.2441	-6.2866	0.0055	131.4899	0.0055	0.00
0x50	 17:34:37.159	-5.0000	0.0000	0.0000	8.7280	-0.2441	-6.2866	0.0110	1.3019	0.0000	0.00
0x50	 17:34:37.159	-5.0000	0.0000	0.0000	8.7280	-0.2441	-6.2866	0.0165	-177.4786	-0.0110	0.00
0x50	 17:34:37.260	-4.0000	0.0000	0.0000	7.4463	0.7324	-5.6763	0.0055	135.3845	0.0055	0.00
0x50	 17:34:37.260	-4.0000	0.0000	0.0000	7.4463	0.7324	-5.6763	0.0110	3.2684	0.0000	0.00
0x50	 17:34:37.262	-4.0000	0.0000	0.0000	7.4463	0.7324	-5.6763	0.0165	-171.7493	-0.0110	0.00
0x50	 17:34:37.359	-3.0000	0.0000	0.0000	1.2207	0.2441	-1.7700	0.0055	145.5634	0.0055	0.00
0x50	 17:34:37.359	-3.0000	0.0000	0.0000	1.2207	0.2441	-1.7700	0.0110	7.4542	0.0000	0.00
0x50	 17:34:37.360	-3.0000	0.0000	0.0000	1.2207	0.2441	-1.7700	0.0165	-165.5090	-0.0110	0.00
0x50	 17:34:37.459	-2.0000	0.0000	0.0000	-1.0376	-0.1221	1.2207	0.0055	142.9321	0.0055	0.00
0x50	 17:34:37.460	-2.0000	0.0000	0.0000	-1.0376	-0.1221	1.2207	0.0110	6.8170	0.0000	0.00
0x50	 17:34:37.460	-2.0000	0.0000	0.0000	-1.0376	-0.1221	1.2207	0.0165	-160.6476	-0.0110	0.00
0x50	 17:34:37.559	-1.0000	0.0000	0.0000	0.2441	0.0000	-0.4272	0.0055	133.9178	0.0055	0.00
0x50	 17:34:37.560	-1.0000	0.0000	0.0000	0.2441	0.0000	-0.4272	0.0110	5.2954	0.0000	0.00
0x50	 17:34:37.560	-1.0000	0.0000	0.0000	0.2441	0.0000	-0.4272	0.0165	-156.1761	-0.0110	0.00
0x50	 17:34:37.667	0.0000	0.0000	0.0000	1.7090	0.0610	-0.7324	0.0055	134.7858	0.0055	0.00
0x50	 17:34:37.667	0.0000	0.0000	0.0000	1.7090	0.0610	-0.7324	0.0110	5.4382	0.0000	0.00
0x50	 17:34:37.667	0.0000	0.0000	0.0000	1.7090	0.0610	-0.7324	0.0165	-151.6278	-0.0110	0.00
0x50	 17:34:37.760	1.0000	0.0000	0.0000	-0.3662	-0.0610	1.0986	0.0055	133.9178	0.0055	0.00
0x50	 17:34:37.760	1.0000	0.0000	0.0000	-0.3662	-0.0610	1.0986	0.0110	4.7021	0.0000	0.00
0x50	 17:34:37.760	1.0000	0.0000	0.0000	-0.3662	-0.0610	1.0986	0.0165	-147.2937	-0.0110	0.00
0x50	 17:34:37.859	2.0000	0.0000	0.0000	-0.7324	0.0000	-4.0894	0.0055	127.6501	0.0055	0.00
0x50	 17:34:37.860	2.0000	0.0000	0.0000	-0.7324	0.0000	-4.0894	0.0110	5.1910	0.0000	0.00
0x50	 17:34:37.860	2.0000	0.0000	0.0000	-0.7324	0.0000	-4.0894	0.0165	-142.9816	-0.0110	0.00
0x50	 17:34:37.959	3.0000	0.0000	0.0000	-6.1035	-0.7324	-0.5493	0.0055	117.8009	0.0055	0.00
0x50	 17:34:37.960	3.0000	0.0000	0.0000	-6.1035	-0.7324	-0.5493	0.0110	4.3835	0.0000	0.00
0x50	 17:34:37.962	3.0000	0.0000	0.0000	-6.1035	-0.7324	-0.5493	0.0165	-139.3451	-0.0110	0.00
0x50	 17:34:38.059	4.0000	0.0000	0.0000	8.6670	-50.3540	-0.3662	0.0055	117.1967	0.0055	0.00
0x50	 17:34:38.060	4.0000	0.0000	0.0000	8.6670	-50.3540	-0.3662	0.0110	3.4552	0.0000	0.00
0x50	 17:34:38.061	4.0000	0.0000	0.0000	8.6670	-50.3540	-0.3662	0.0165	-146.3818	-0.0110	0.00
0x50	 17:34:38.159	5.0000	0.0000	0.0000	4.5776	-90.3931	-0.4883	0.0055	129.8199	0.0055	0.00
0x50	 17:34:38.160	5.0000	0.0000	0.0000	4.5776	-90.3931	-0.4883	0.0110	3.3453	0.0000	0.00
0x50	 17:34:38.160	5.0000	0.0000	0.0000	4.5776	-90.3931	-0.4883	0.0165	177.1820	-0.0110	0.00
0x50	 17:34:38.264	6.0000	0.0000	0.0000	-10.8032	-102.3560	-1.0986	0.0055	119.3225	0.0055	0.00
0x50	 17:34:38.265	6.0000	0.0000	0.0000	-10.8032	-102.3560	-1.0986	0.0110	4.5813	0.0000	0.00
0x50	 17:34:38.265	6.0000	0.0000	0.0000	-10.8032	-102.3560	-1.0986	0.0165	120.8221	-0.0110	0.00
0x50	 17:34:38.359	7.0000	0.0000	0.0000	0.0000	-65.1245	-6.5308	0.0055	116.7188	0.0055	0.00
0x50	 17:34:38.360	7.0000	0.0000	0.0000	0.0000	-65.1245	-6.5308	0.0110	3.5321	0.0000	0.00
0x50	 17:34:38.360	7.0000	0.0000	0.0000	0.0000	-65.1245	-6.5308	0.0165	91.5985	-0.0110	0.00
0x50	 17:34:38.497	8.0000	0.0000	0.0000	6.9580	-34.0576	-1.2207	0.0055	117.8119	0.0055	0.00
0x50	 17:34:38.497	8.0000	0.0000	0.0000	6.9580	-34.0576	-1.2207	0.0110	2.2247	0.0000	0.00
0x50	 17:34:38.497	8.0000	0.0000	0.0000	6.9580	-34.0576	-1.2207	0.0165	78.6566	-0.0110	0.00
0x50	 17:34:38.558	9.0000	0.0000	0.0000	-2.0752	-32.7148	3.3569	0.0055	120.3278	0.0055	0.00
0x50	 17:34:38.559	9.0000	0.0000	0.0000	-2.0752	-32.7148	3.3569	0.0110	3.4552	0.0000	0.00
0x50	 17:34:38.559	9.0000	0.0000	0.0000	-2.0752	-32.7148	3.3569	0.0165	73.8611	-0.0110	0.00
0x50	 17:34:38.675	10.0000	0.0000	0.0000	-1.7090	-3.9673	1.7090	0.0055	123.2556	0.0055	0.00
0x50	 17:34:38.675	10.0000	0.0000	0.0000	-1.7090	-3.9673	1.7090	0.0110	4.2682	0.0000	0.00
0x50	 17:34:38.675	10.0000	0.0000	0.0000	-1.7090	-3.9673	1.7090	0.0165	67.8241	-0.0110	0.00
0x50	 17:34:38.759	11.0000	0.0000	0.0000	-0.8545	12.5122	-1.2207	0.0055	125.1672	0.0055	0.00
0x50	 17:34:38.760	11.0000	0.0000	0.0000	-0.8545	12.5122	-1.2207	0.0110	4.9329	0.0000	0.00
0x50	 17:34:38.760	11.0000	0.0000	0.0000	-0.8545	12.5122	-1.2207	0.0165	77.0911	-0.0110	0.00
0x50	 17:34:38.858	12.0000	0.0000	0.0000	0.0000	-1.0376	0.1831	0.0055	127.7051	0.0055	0.00
0x50	 17:34:38.859	12.0000	0.0000	0.0000	0.0000	-1.0376	0.1831	0.0110	6.7676	0.0000	0.00
0x50	 17:34:38.859	12.0000	0.0000	0.0000	0.0000	-1.0376	0.1831	0.0165	86.4130	-0.0110	0.00
0x50	 17:34:38.959	13.0000	0.0000	0.0000	-1.1597	0.3662	-0.9155	0.0055	119.8279	0.0055	0.00
0x50	 17:34:38.960	13.0000	0.0000	0.0000	-1.1597	0.3662	-0.9155	0.0110	4.4110	0.0000	0.00
0x50	 17:34:38.960	13.0000	0.0000	0.0000	-1.1597	0.3662	-0.9155	0.0165	98.7891	-0.0110	0.00
0x50	 17:34:39.101	14.0000	0.0000	0.0000	-2.0752	7.3853	0.1221	0.0055	119.4269	0.0055	0.00
0x50	 17:34:39.101	14.0000	0.0000	0.0000	-2.0752	7.3853	0.1221	0.0110	4.6143	0.0000	0.00
0x50	 17:34:39.101	14.0000	0.0000	0.0000	-2.0752	7.3853	0.1221	0.0165	114.0875	-0.0110	0.00
0x50	 17:34:39.159	15.0000	0.0000	0.0000	-2.1973	21.3623	-1.6479	0.0055	116.7407	0.0055	0.00
0x50	 17:34:39.160	15.0000	0.0000	0.0000	-2.1973	21.3623	-1.6479	0.0110	4.4769	0.0000	0.00
0x50	 17:34:39.160	15.0000	0.0000	0.0000	-2.1973	21.3623	-1.6479	0.0165	131.3635	-0.0110	0.00
0x50	 17:34:39.293	-16.0000	0.0000	0.0000	-4.0894	54.3823	-1.5869	0.0055	119.1742	0.0055	0.00
0x50	 17:34:39.293	-16.0000	0.0000	0.0000	-4.0894	54.3823	-1.5869	0.0110	5.9985	0.0000	0.00
0x50	 17:34:39.293	-16.0000	0.0000	0.0000	-4.0894	54.3823	-1.5869	0.0165	157.1265	-0.0110	0.00
0x50	 17:34:39.359	-15.0000	0.0000	0.0000	-2.1973	37.2314	-0.0610	0.0055	123.2336	0.0055	0.00
0x50	 17:34:39.359	-15.0000	0.0000	0.0000	-2.1973	37.2314	-0.0610	0.0110	7.5696	0.0000	0.00
0x50	 17:34:39.359	-15.0000	0.0000	0.0000	-2.1973	37.2314	-0.0610	0.0165	-175.2374	-0.0110	0.00
0x50	 17:34:39.490	-14.0000	0.0000	0.0000	-2.4414	76.3550	-2.0752	0.0055	126.2714	0.0055	0.00
0x50	 17:34:39.490	-14.0000	0.0000	0.0000	-2.4414	76.3550	-2.0752	0.0110	8.4705	0.0000	0.00
0x50	 17:34:39.490	-14.0000	0.0000	0.0000	-2.4414	76.3550	-2.0752	0.0165	-139.4000	-0.0110	0.00
0x50	 17:34:39.558	-13.0000	0.0000	0.0000	-5.5542	65.8569	11.0474	0.0055	132.3248	0.0055	0.00
0x50	 17:34:39.559	-13.0000	0.0000	0.0000	-5.5542	65.8569	11.0474	0.0110	5.4877	0.0000	0.00
0x50	 17:34:39.559	-13.0000	0.0000	0.0000	-5.5542	65.8569	11.0474	0.0165	-92.3730	-0.0110	0.00
0x50	 17:34:39.672	-12.0000	0.0000	0.0000	-12.8174	118.5303	1.0986	0.0055	123.8104	0.0055	0.00
0x50	 17:34:39.672	-12.0000	0.0000	0.0000	-12.8174	118.5303	1.0986	0.0110	2.6147	0.0000	0.00
0x50	 17:34:39.672	-12.0000	0.0000	0.0000	-12.8174	118.5303	1.0986	0.0165	-34.8431	-0.0110	0.00
0x50	 17:34:39.759	-11.0000	0.0000	0.0000	1.0376	2.7466	1.7700	0.0055	121.3330	0.0055	0.00
0x50	 17:34:39.760	-11.0000	0.0000	0.0000	1.0376	2.7466	1.7700	0.0110	1.5271	0.0000	0.00
0x50	 17:34:39.760	-11.0000	0.0000	0.0000	1.0376	2.7466	1.7700	0.0165	-9.8383	-0.0110	0.00
0x50	 17:34:39.859	-10.0000	0.0000	0.0000	3.9673	0.5493	-2.3193	0.0055	117.4493	0.0055	0.00
0x50	 17:34:39.860	-10.0000	0.0000	0.0000	3.9673	0.5493	-2.3193	0.0110	2.5598	0.0000	0.00
0x50	 17:34:39.860	-10.0000	0.0000	0.0000	3.9673	0.5493	-2.3193	0.0165	-12.2443	-0.0110	0.00
0x50	 17:34:39.959	-9.0000	0.0000	0.0000	1.0986	0.0000	0.2441	0.0055	124.0356	0.0055	0.00
0x50	 17:34:39.960	-9.0000	0.0000	0.0000	1.0986	0.0000	0.2441	0.0110	3.2904	0.0000	0.00
0x50	 17:34:39.960	-9.0000	0.0000	0.0000	1.0986	0.0000	0.2441	0.0165	-14.1724	-0.0110	0.00
0x50	 17:34:40.059	-8.0000	0.0000	0.0000	7.8125	0.9155	-6.9580	0.0055	124.9255	0.0055	0.00
0x50	 17:34:40.059	-8.0000	0.0000	0.0000	7.8125	0.9155	-6.9580	0.0110	3.4991	0.0000	0.00
0x50	 17:34:40.060	-8.0000	0.0000	0.0000	7.8125	0.9155	-6.9580	0.0165	-16.4630	-0.0110	0.00
0x50	 17:34:40.159	-7.0000	0.0000	0.0000	0.9155	0.0610	-0.4883	0.0055	133.5663	0.0055	0.00
0x50	 17:34:40.159	-7.0000	0.0000	0.0000	0.9155	0.0610	-0.4883	0.0110	3.5156	0.0000	0.00
0x50	 17:34:40.160	-7.0000	0.0000	0.0000	0.9155	0.0610	-0.4883	0.0165	-18.6493	-0.0110	0.00
0x50	 17:34:40.283	-6.0000	0.0000	0.0000	-1.8311	-0.0610	0.5493	0.0055	138.1036	0.0055	0.00
0x50	 17:34:40.283	-6.0000	0.0000	0.0000	-1.8311	-0.0610	0.5493	0.0110	2.9883	0.0000	0.00
0x50	 17:34:40.283	-6.0000	0.0000	0.0000	-1.8311	-0.0610	0.5493	0.0165	-20.7147	-0.0110	0.00
0x50	 17:34:40.358	-5.0000	0.0000	0.0000	1.6479	0.1831	-0.8545	0.0055	135.8130	0.0055	0.00
0x50	 17:34:40.359	-5.0000	0.0000	0.0000	1.6479	0.1831	-0.8545	0.0110	3.4003	0.0000	0.00
0x50	 17:34:40.359	-5.0000	0.0000	0.0000	1.6479	0.1831	-0.8545	0.0165	-22.7307	-0.0110	0.00
0x50	 17:34:40.482	-4.0000	0.0000	0.0000	0.6714	0.0000	0.0000	0.0055	135.3955	0.0055	0.00
0x50	 17:34:40.483	-4.0000	0.0000	0.0000	0.6714	0.0000	0.0000	0.0110	3.3618	0.0000	0.00
0x50	 17:34:40.483	-4.0000	0.0000	0.0000	0.6714	0.0000	0.0000	0.0165	-24.7247	-0.0110	0.00
0x50	 17:34:40.558	-3.0000	0.0000	0.0000	0.0610	0.0000	-0.2441	0.0055	132.3468	0.0055	0.00
0x50	 17:34:40.559	-3.0000	0.0000	0.0000	0.0610	0.0000	-0.2441	0.0110	3.4772	0.0000	0.00
0x50	 17:34:40.561	-3.0000	0.0000	0.0000	0.0610	0.0000	-0.2441	0.0165	-26.5210	-0.0110	0.00
0x50	 17:34:40.665	-2.0000	0.0000	0.0000	4.3945	-0.3052	2.4414	0.0055	134.4617	0.0055	0.00
0x50	 17:34:40.665	-2.0000	0.0000	0.0000	4.3945	-0.3052	2.4414	0.0110	2.8345	0.0000	0.00
0x50	 17:34:40.665	-2.0000	0.0000	0.0000	4.3945	-0.3052	2.4414	0.0165	-28.2294	-0.0110	0.00
0x50	 17:34:40.759	-1.0000	0.0000	0.0000	-4.5166	82.9468	-4.9438	0.0055	134.9286	0.0055	0.00
0x50	 17:34:40.760	-1.0000	0.0000	0.0000	-4.5166	82.9468	-4.9438	0.0110	2.6093	0.0000	0.00
0x50	 17:34:40.760	-1.0000	0.0000	0.0000	-4.5166	82.9468	-4.9438	0.0165	-18.3911	-0.0110	0.00
0x50	 17:34:40.859	0.0000	0.0000	0.0000	-17.6392	257.8735	33.2642	0.0055	130.9680	0.0055	0.00
0x50	 17:34:40.859	0.0000	0.0000	0.0000	-17.6392	257.8735	33.2642	0.0110	-0.3351	-0.0055	0.00
0x50	 17:34:40.861	0.0000	0.0000	0.0000	-17.6392	257.8735	33.2642	0.0165	53.0035	-0.0055	0.00
0x50	 17:34:40.960	1.0000	0.0000	0.0000	-16.3574	140.5029	1.0376	0.0055	122.8876	0.0055	0.00
0x50	 17:34:40.962	1.0000	0.0000	0.0000	-16.3574	140.5029	1.0376	0.0110	-5.7294	-0.0055	0.00
0x50	 17:34:40.962	1.0000	0.0000	0.0000	-16.3574	140.5029	1.0376	0.0165	145.5579	-0.0055	0.00
0x50	 17:34:41.092	2.0000	0.0000	0.0000	-4.3945	85.9985	-0.9766	0.0055	113.7140	0.0055	0.00
0x50	 17:34:41.092	2.0000	0.0000	0.0000	-4.3945	85.9985	-0.9766	0.0110	1.4063	0.0000	0.00
0x50	 17:34:41.092	2.0000	0.0000	0.0000	-4.3945	85.9985	-0.9766	0.0165	175.9076	-0.0055	0.00
0x50	 17:34:41.159	3.0000	0.0000	0.0000	1.4038	56.5796	7.2632	0.0055	114.9060	0.0055	0.00
0x50	 17:34:41.159	3.0000	0.0000	0.0000	1.4038	56.5796	7.2632	0.0110	2.3181	0.0000	0.00
0x50	 17:34:41.160	3.0000	0.0000	0.0000	1.4038	56.5796	7.2632	0.0165	-170.0848	-0.0055	0.00
0x50	 17:34:41.279	4.0000	0.0000	0.0000	-4.2114	90.2100	6.1646	0.0055	110.3741	0.0055	0.00
0x50	 17:34:41.279	4.0000	0.0000	0.0000	-4.2114	90.2100	6.1646	0.0110	3.0542	0.0000	0.00
0x50	 17:34:41.279	4.0000	0.0000	0.0000	-4.2114	90.2100	6.1646	0.0165	-146.0687	-0.0055	0.00
0x50	 17:34:41.359	5.0000	0.0000	0.0000	4.3335	64.3311	4.4556	0.0055	109.4238	0.0055	0.00
0x50	 17:34:41.359	5.0000	0.0000	0.0000	4.3335	64.3311	4.4556	0.0110	5.3833	0.0000	0.00
0x50	 17:34:41.359	5.0000	0.0000	0.0000	4.3335	64.3311	4.4556	0.0165	-111.0278	-0.0055	0.00
0x50	 17:34:41.459	6.0000	0.0000	0.0000	13.2446	53.5889	5.4932	0.0055	113.9832	0.0055	0.00
0x50	 17:34:41.460	6.0000	0.0000	0.0000	13.2446	53.5889	5.4932	0.0110	4.6362	0.0000	0.00
0x50	 17:34:41.460	6.0000	0.0000	0.0000	13.2446	53.5889	5.4932	0.0165	-88.2257	-0.0055	0.00
0x50	 17:34:41.558	7.0000	0.0000	0.0000	3.1128	36.8042	-1.5869	0.0055	119.2401	0.0055	0.00
0x50	 17:34:41.559	7.0000	0.0000	0.0000	3.1128	36.8042	-1.5869	0.0110	5.5316	0.0000	0.00
0x50	 17:34:41.561	7.0000	0.0000	0.0000	3.1128	36.8042	-1.5869	0.0165	-79.5575	-0.0055	0.00
0x50	 17:34:41.659	8.0000	0.0000	0.0000	2.9907	11.1694	4.3335	0.0055	117.3889	0.0055	0.00
0x50	 17:34:41.660	8.0000	0.0000	0.0000	2.9907	11.1694	4.3335	0.0110	6.6028	0.0000	0.00
0x50	 17:34:41.660	8.0000	0.0000	0.0000	2.9907	11.1694	4.3335	0.0165	-75.3827	-0.0055	0.00
0x50	 17:34:41.759	9.0000	0.0000	0.0000	0.2441	-48.3398	7.8735	0.0055	114.4171	0.0055	0.00
0x50	 17:34:41.760	9.0000	0.0000	0.0000	0.2441	-48.3398	7.8735	0.0110	3.3948	0.0000	0.00
0x50	 17:34:41.760	9.0000	0.0000	0.0000	0.2441	-48.3398	7.8735	0.0165	-108.1384	-0.0055	0.00
0x50	 17:34:41.859	10.0000	0.0000	0.0000	-8.7891	-101.1963	8.9111	0.0055	105.7654	0.0055	0.00
0x50	 17:34:41.860	10.0000	0.0000	0.0000	-8.7891	-101.1963	8.9111	0.0110	-3.3398	-0.0055	0.00
0x50	 17:34:41.860	10.0000	0.0000	0.0000	-8.7891	-101.1963	8.9111	0.0165	-168.7445	-0.0055	0.00
0x50	 17:34:41.959	11.0000	0.0000	0.0000	-5.3101	-70.6177	5.7373	0.0055	99.9371	0.0055	0.00
0x50	 17:34:41.960	11.0000	0.0000	0.0000	-5.3101	-70.6177	5.7373	0.0110	-13.0792	-0.0055	0.00
0x50	 17:34:41.960	11.0000	0.0000	0.0000	-5.3101	-70.6177	5.7373	0.0165	121.1957	-0.0055	0.00
0x50	 17:34:42.059	12.0000	0.0000	0.0000	-1.6479	-37.5977	1.1597	0.0055	93.7683	0.0055	0.00
0x50	 17:34:42.063	12.0000	0.0000	0.0000	-1.6479	-37.5977	1.1597	0.0110	-17.0123	-0.0055	0.00
0x50	 17:34:42.063	12.0000	0.0000	0.0000	-1.6479	-37.5977	1.1597	0.0165	69.1370	-0.0055	0.00
0x50	 17:34:42.159	13.0000	0.0000	0.0000	-5.1270	-61.9507	2.0142	0.0055	94.4165	0.0055	0.00
0x50	 17:34:42.160	13.0000	0.0000	0.0000	-5.1270	-61.9507	2.0142	0.0110	-21.1267	-0.0055	0.00
0x50	 17:34:42.160	13.0000	0.0000	0.0000	-5.1270	-61.9507	2.0142	0.0165	33.4479	-0.0055	0.00
0x50	 17:34:42.260	14.0000	0.0000	0.0000	16.6016	-327.2095	-46.6919	0.0055	106.4740	0.0055	0.00
0x50	 17:34:42.260	14.0000	0.0000	0.0000	16.6016	-327.2095	-46.6919	0.0110	-22.5439	-0.0055	0.00
0x50	 17:34:42.260	14.0000	0.0000	0.0000	16.6016	-327.2095	-46.6919	0.0165	-90.4559	-0.0110	0.00
0x50	 17:34:42.359	15.0000	0.0000	0.0000	1.4648	-85.1440	-2.5635	0.0055	113.3405	0.0055	0.00
0x50	 17:34:42.359	15.0000	0.0000	0.0000	1.4648	-85.1440	-2.5635	0.0110	-24.7357	-0.0055	0.00
0x50	 17:34:42.359	15.0000	0.0000	0.0000	1.4648	-85.1440	-2.5635	0.0165	-168.8599	-0.0110	0.00
0x50	 17:34:42.459	-16.0000	0.0000	0.0000	-0.9155	0.3052	-4.7607	0.0055	117.7570	0.0055	0.00
0x50	 17:34:42.460	-16.0000	0.0000	0.0000	-0.9155	0.3052	-4.7607	0.0110	-21.4728	-0.0055	0.00
0x50	 17:34:42.460	-16.0000	0.0000	0.0000	-0.9155	0.3052	-4.7607	0.0165	175.5780	-0.0110	0.00
0x50	 17:34:42.559	-15.0000	0.0000	0.0000	0.2441	-0.2441	-0.6714	0.0055	122.3492	0.0055	0.00
0x50	 17:34:42.559	-15.0000	0.0000	0.0000	0.2441	-0.2441	-0.6714	0.0110	-18.8251	-0.0055	0.00
0x50	 17:34:42.559	-15.0000	0.0000	0.0000	0.2441	-0.2441	-0.6714	0.0165	-178.6212	-0.0110	0.00
0x50	 17:34:42.659	-14.0000	0.0000	0.0000	0.1221	-0.0610	0.0000	0.0055	121.6132	0.0055	0.00
0x50	 17:34:42.660	-14.0000	0.0000	0.0000	0.1221	-0.0610	0.0000	0.0110	-17.9242	-0.0055	0.00
0x50	 17:34:42.660	-14.0000	0.0000	0.0000	0.1221	-0.0610	0.0000	0.0165	-172.8699	-0.0110	0.00
0x50	 17:34:42.758	-13.0000	0.0000	0.0000	0.0610	0.0000	-0.1221	0.0055	123.3490	0.0055	0.00
0x50	 17:34:42.759	-13.0000	0.0000	0.0000	0.0610	0.0000	-0.1221	0.0110	-16.6937	-0.0055	0.00
0x50	 17:34:42.759	-13.0000	0.0000	0.0000	0.0610	0.0000	-0.1221	0.0165	-167.4261	-0.0110	0.00
0x50	 17:34:42.859	-12.0000	0.0000	0.0000	0.0610	0.0000	-0.0610	0.0055	118.0316	0.0055	0.00
0x50	 17:34:42.859	-12.0000	0.0000	0.0000	0.0610	0.0000	-0.0610	0.0110	-16.6663	-0.0055	0.00
0x50	 17:34:42.859	-12.0000	0.0000	0.0000	0.0610	0.0000	-0.0610	0.0165	-162.2021	-0.0110	0.00
0x50	 17:34:42.973	-11.0000	0.0000	0.0000	0.0610	-0.1221	0.0000	0.0055	117.5977	0.0055	0.00
0x50	 17:34:42.973	-11.0000	0.0000	0.0000	0.0610	-0.1221	0.0000	0.0110	-15.8752	-0.0055	0.00
0x50	 17:34:42.973	-11.0000	0.0000	0.0000	0.0610	-0.1221	0.0000	0.0165	-157.3737	-0.0110	0.00
0x50	 17:34:43.060	-10.0000	0.0000	0.0000	0.0000	-0.0610	0.0000	0.0055	117.5043	0.0055	0.00
0x50	 17:34:43.060	-10.0000	0.0000	0.0000	0.0000	-0.0610	0.0000	0.0110	-15.0732	-0.0055	0.00
0x50	 17:34:43.060	-10.0000	0.0000	0.0000	0.0000	-0.0610	0.0000	0.0165	-152.6660	-0.0110	0.00
0x50	 17:34:43.159	-9.0000	0.0000	0.0000	0.0610	-0.0610	0.0000	0.0055	117.4768	0.0055	0.00
0x50	 17:34:43.160	-9.0000	0.0000	0.0000	0.0610	-0.0610	0.0000	0.0110	-14.3042	-0.0055	0.00
0x50	 17:34:43.160	-9.0000	0.0000	0.0000	0.0610	-0.0610	0.0000	0.0165	-148.0792	-0.0110	0.00
0x50	 17:34:43.258	-8.0000	0.0000	0.0000	0.0000	0.0000	0.0000	0.0055	114.3896	0.0055	0.00
0x50	 17:34:43.259	-8.0000	0.0000	0.0000	0.0000	0.0000	0.0000	0.0110	-13.9581	-0.0055	0.00
0x50	 17:34:43.259	-8.0000	0.0000	0.0000	0.0000	0.0000	0.0000	0.0165	-143.5693	-0.0110	0.00
0x50	 17:34:43.359	-7.0000	0.0000	0.0000	0.0610	0.0000	0.0000	0.0055	118.3612	0.0055	0.00
0x50	 17:34:43.360	-7.0000	0.0000	0.0000	0.0610	0.0000	0.0000	0.0110	-12.7716	-0.0055	0.00
0x50	 17:34:43.361	-7.0000	0.0000	0.0000	0.0610	0.0000	0.0000	0.0165	-139.6143	-0.0110	0.00
0x50	 17:34:43.460	-6.0000	0.0000	0.0000	0.0000	0.0000	0.0000	0.0055	121.6351	0.0055	0.00
0x50	 17:34:43.460	-6.0000	0.0000	0.0000	0.0000	0.0000	0.0000	0.0110	-11.7664	-0.0055	0.00
0x50	 17:34:43.460	-6.0000	0.0000	0.0000	0.0000	0.0000	0.0000	0.0165	-135.8789	-0.0110	0.00
0x50	 17:34:43.558	-5.0000	0.0000	0.0000	0.0610	0.0000	0.0000	0.0055	116.2848	0.0055	0.00
0x50	 17:34:43.559	-5.0000	0.0000	0.0000	0.0610	0.0000	0.0000	0.0110	-11.7609	-0.0055	0.00
0x50	 17:34:43.559	-5.0000	0.0000	0.0000	0.0610	0.0000	0.0000	0.0165	-132.0667	-0.0110	0.00
0x50	 17:34:43.658	-4.0000	0.0000	0.0000	0.0610	0.0000	0.0000	0.0055	119.0149	0.0055	0.00
0x50	 17:34:43.660	-4.0000	0.0000	0.0000	0.0610	0.0000	0.0000	0.0110	-10.8929	-0.0055	0.00
0x50	 17:34:43.660	-4.0000	0.0000	0.0000	0.0610	0.0000	0.0000	0.0165	-128.6499	-0.0110	0.00
0x50	 17:34:43.759	-3.0000	0.0000	0.0000	0.0000	0.0000	0.0000	0.0055	117.0374	0.0055	0.00
0x50	 17:34:43.759	-3.0000	0.0000	0.0000	0.0000	0.0000	0.0000	0.0110	-10.5634	-0.0055	0.00
0x50	 17:34:43.759	-3.0000	0.0000	0.0000	0.0000	0.0000	0.0000	0.0165	-125.4034	-0.0110	0.00
0x50	 17:34:43.860	-2.0000	0.0000	0.0000	0.0610	0.0000	0.0000	0.0055	120.4816	0.0055	0.00
0x50	 17:34:43.862	-2.0000	0.0000	0.0000	0.0610	0.0000	0.0000	0.0110	-9.7229	-0.0055	0.00
0x50	 17:34:43.862	-2.0000	0.0000	0.0000	0.0610	0.0000	0.0000	0.0165	-122.3712	-0.0110	0.00
0x50	 17:34:43.959	-1.0000	0.0000	0.0000	0.0000	0.0000	0.0000	0.0055	119.0643	0.0055	0.00
0x50	 17:34:43.960	-1.0000	0.0000	0.0000	0.0000	0.0000	0.0000	0.0110	-9.3878	-0.0055	0.00
0x50	 17:34:43.960	-1.0000	0.0000	0.0000	0.0000	0.0000	0.0000	0.0165	-119.4983	-0.0110	0.00
0x50	 17:34:44.059	0.0000	0.0000	0.0000	0.0610	0.0000	0.0000	0.0055	128.2324	0.0055	0.00
0x50	 17:34:44.060	0.0000	0.0000	0.0000	0.0610	0.0000	0.0000	0.0110	-8.1519	-0.0055	0.00
0x50	 17:34:44.060	0.0000	0.0000	0.0000	0.0610	0.0000	0.0000	0.0165	-116.9165	-0.0110	0.00
0x50	 17:34:44.176	1.0000	0.0000	0.0000	0.0000	0.0000	0.0000	0.0055	132.5665	0.0055	0.00
0x50	 17:34:44.177	1.0000	0.0000	0.0000	0.0000	0.0000	0.0000	0.0110	-7.3938	-0.0055	0.00
0x50	 17:34:44.177	1.0000	0.0000	0.0000	0.0000	0.0000	0.0000	0.0165	-114.2468	-0.0110	0.00
0x50	 17:34:44.259	2.0000	0.0000	0.0000	0.0000	0.0000	0.0000	0.0055	136.5820	0.0055	0.00
0x50	 17:34:44.261	2.0000	0.0000	0.0000	0.0000	0.0000	0.0000	0.0110	-6.7181	-0.0055	0.00
0x50	 17:34:44.261	2.0000	0.0000	0.0000	0.0000	0.0000	0.0000	0.0165	-111.7639	-0.0110	0.00
0x50	 17:34:44.370	3.0000	0.0000	0.0000	0.0000	0.0000	0.0000	0.0055	125.9198	0.0055	0.00
0x50	 17:34:44.370	3.0000	0.0000	0.0000	0.0000	0.0000	0.0000	0.0110	-7.2125	-0.0055	0.00
0x50	 17:34:44.370	3.0000	0.0000	0.0000	0.0000	0.0000	0.0000	0.0165	-109.3909	-0.0110	0.00
0x50	 17:34:44.459	4.0000	0.0000	0.0000	0.0000	0.0000	0.0000	0.0055	120.2673	0.0055	0.00
0x50	 17:34:44.460	4.0000	0.0000	0.0000	0.0000	0.0000	0.0000	0.0110	-7.2290	-0.0055	0.00
0x50	 17:34:44.460	4.0000	0.0000	0.0000	0.0000	0.0000	0.0000	0.0165	-106.8256	-0.0110	0.00
0x50	 17:34:44.558	5.0000	0.0000	0.0000	0.0000	0.0000	0.0000	0.0055	125.4803	0.0055	0.00
0x50	 17:34:44.560	5.0000	0.0000	0.0000	0.0000	0.0000	0.0000	0.0110	-6.5149	-0.0055	0.00
0x50	 17:34:44.560	5.0000	0.0000	0.0000	0.0000	0.0000	0.0000	0.0165	-104.6448	-0.0110	0.00
0x50	 17:34:44.662	6.0000	0.0000	0.0000	0.0000	0.0000	0.0000	0.0055	125.9912	0.0055	0.00
0x50	 17:34:44.756	6.0000	0.0000	0.0000	0.0000	0.0000	0.0000	0.0110	-6.1578	-0.0055	0.00
0x50	 17:34:44.756	6.0000	0.0000	0.0000	0.0000	0.0000	0.0000	0.0165	-102.5024	-0.0110	0.00
0x50	 17:34:44.758	7.0000	0.0000	0.0000	0.0000	0.0000	0.0000	0.0055	122.9315	0.0055	0.00
0x50	 17:34:44.759	7.0000	0.0000	0.0000	0.0000	0.0000	0.0000	0.0110	-6.0315	-0.0055	0.00
0x50	 17:34:44.761	7.0000	0.0000	0.0000	0.0000	0.0000	0.0000	0.0165	-100.4095	-0.0110	0.00
0x50	 17:34:44.859	8.0000	0.0000	0.0000	0.0000	0.0000	0.0000	0.0055	126.1121	0.0055	0.00
0x50	 17:34:44.859	8.0000	0.0000	0.0000	0.0000	0.0000	0.0000	0.0110	-5.5536	-0.0055	0.00
0x50	 17:34:44.859	8.0000	0.0000	0.0000	0.0000	0.0000	0.0000	0.0165	-98.5693	-0.0110	0.00
0x50	 17:34:44.980	9.0000	0.0000	0.0000	0.0610	0.0000	0.0000	0.0055	129.8694	0.0055	0.00
0x50	 17:34:44.980	9.0000	0.0000	0.0000	0.0610	0.0000	0.0000	0.0110	-5.0702	-0.0055	0.00
0x50	 17:34:44.980	9.0000	0.0000	0.0000	0.0610	0.0000	0.0000	0.0165	-96.7786	-0.0110	0.00
0x50	 17:34:45.059	10.0000	0.0000	0.0000	0.0610	-0.0610	0.0000	0.0055	124.1016	0.0055	0.00
0x50	 17:34:45.059	10.0000	0.0000	0.0000	0.0610	-0.0610	0.0000	0.0110	-5.1251	-0.0055	0.00
0x50	 17:34:45.059	10.0000	0.0000	0.0000	0.0610	-0.0610	0.0000	0.0165	-95.0537	-0.0110	0.00
0x50	 17:34:45.161	11.0000	0.0000	0.0000	0.0610	0.0000	0.0000	0.0055	125.0409	0.0055	0.00
0x50	 17:34:45.161	11.0000	0.0000	0.0000	0.0610	0.0000	0.0000	0.0110	-4.8285	-0.0055	0.00
0x50	 17:34:45.161	11.0000	0.0000	0.0000	0.0610	0.0000	0.0000	0.0165	-93.4442	-0.0110	0.00
0x50	 17:34:45.260	12.0000	0.0000	0.0000	0.0000	0.0000	0.0000	0.0055	123.2941	0.0055	0.00
0x50	 17:34:45.261	12.0000	0.0000	0.0000	0.0000	0.0000	0.0000	0.0110	-4.6912	-0.0055	0.00
0x50	 17:34:45.261	12.0000	0.0000	0.0000	0.0000	0.0000	0.0000	0.0165	-91.9720	-0.0110	0.00
0x50	 17:34:45.358	13.0000	0.0000	0.0000	0.0610	-0.0610	0.0000	0.0055	130.9296	0.0055	0.00
0x50	 17:34:45.359	13.0000	0.0000	0.0000	0.0610	-0.0610	0.0000	0.0110	-4.1089	-0.0055	0.00
0x50	 17:34:45.359	13.0000	0.0000	0.0000	0.0610	-0.0610	0.0000	0.0165	-90.5164	-0.0110	0.00
0x50	 17:34:45.459	14.0000	0.0000	0.0000	0.0610	-0.0610	0.0000	0.0055	132.3743	0.0055	0.00
0x50	 17:34:45.460	14.0000	0.0000	0.0000	0.0610	-0.0610	0.0000	0.0110	-3.8452	-0.0055	0.00
0x50	 17:34:45.460	14.0000	0.0000	0.0000	0.0610	-0.0610	0.0000	0.0165	-89.1101	-0.0110	0.00
0x50	 17:34:45.584	15.0000	0.0000	0.0000	0.0610	-0.0610	0.0000	0.0055	135.6812	0.0055	0.00
0x50	 17:34:45.584	15.0000	0.0000	0.0000	0.0610	-0.0610	0.0000	0.0110	-3.5321	-0.0055	0.00
0x50	 17:34:45.584	15.0000	0.0000	0.0000	0.0610	-0.0610	0.0000	0.0165	-87.8796	-0.0110	0.00
0x50	 17:34:45.659	-16.0000	0.0000	0.0000	0.0000	0.0000	0.0000	0.0055	138.0212	0.0055	0.00
0x50	 17:34:45.660	-16.0000	0.0000	0.0000	0.0000	0.0000	0.0000	0.0110	-3.2574	-0.0055	0.00
0x50	 17:34:45.660	-16.0000	0.0000	0.0000	0.0000	0.0000	0.0000	0.0165	-86.5448	-0.0110	0.00
0x50	 17:34:45.764	-15.0000	0.0000	0.0000	-0.1221	0.0000	0.0000	0.0055	139.1748	0.0055	0.00
0x50	 17:34:45.764	-15.0000	0.0000	0.0000	-0.1221	0.0000	0.0000	0.0110	-3.0542	-0.0055	0.00
0x50	 17:34:45.764	-15.0000	0.0000	0.0000	-0.1221	0.0000	0.0000	0.0165	-85.3308	-0.0110	0.00
0x50	 17:34:45.858	-14.0000	0.0000	0.0000	0.0000	0.0000	0.0000	0.0055	130.3418	0.0055	0.00
0x50	 17:34:45.859	-14.0000	0.0000	0.0000	0.0000	0.0000	0.0000	0.0110	-3.2190	-0.0055	0.00
0x50	 17:34:45.859	-14.0000	0.0000	0.0000	0.0000	0.0000	0.0000	0.0165	-84.1663	-0.0110	0.00
0x50	 17:34:45.959	-13.0000	0.0000	0.0000	0.0000	0.0000	0.0000	0.0055	134.9835	0.0055	0.00
0x50	 17:34:45.960	-13.0000	0.0000	0.0000	0.0000	0.0000	0.0000	0.0110	-2.9004	-0.0055	0.00
0x50	 17:34:45.960	-13.0000	0.0000	0.0000	0.0000	0.0000	0.0000	0.0165	-83.0511	-0.0110	0.00
0x50	 17:34:46.058	-12.0000	0.0000	0.0000	0.0610	0.0000	0.0000	0.0055	135.7031	0.0055	0.00
0x50	 17:34:46.059	-12.0000	0.0000	0.0000	0.0610	0.0000	0.0000	0.0110	-2.7301	-0.0055	0.00
0x50	 17:34:46.059	-12.0000	0.0000	0.0000	0.0610	0.0000	0.0000	0.0165	-81.9910	-0.0110	0.00
0x50	 17:34:46.177	-11.0000	0.0000	0.0000	0.0000	0.0000	0.0000	0.0055	131.8524	0.0055	0.00
0x50	 17:34:46.177	-11.0000	0.0000	0.0000	0.0000	0.0000	0.0000	0.0110	-2.7136	-0.0055	0.00
0x50	 17:34:46.177	-11.0000	0.0000	0.0000	0.0000	0.0000	0.0000	0.0165	-81.0022	-0.0110	0.00
0x50	 17:34:46.259	-10.0000	0.0000	0.0000	0.0000	0.0000	0.0000	0.0055	132.0062	0.0055	0.00
0x50	 17:34:46.259	-10.0000	0.0000	0.0000	0.0000	0.0000	0.0000	0.0110	-2.5763	-0.0055	0.00
0x50	 17:34:46.259	-10.0000	0.0000	0.0000	0.0000	0.0000	0.0000	0.0165	-80.0629	-0.0110	0.00
0x50	 17:34:46.359	-9.0000	0.0000	0.0000	0.0000	0.0000	0.0000	0.0055	140.7349	0.0055	0.00
0x50	 17:34:46.359	-9.0000	0.0000	0.0000	0.0000	0.0000	0.0000	0.0110	-2.2137	-0.0055	0.00
0x50	 17:34:46.359	-9.0000	0.0000	0.0000	0.0000	0.0000	0.0000	0.0165	-79.1785	-0.0110	0.00
0x50	 17:34:46.458	-8.0000	0.0000	0.0000	0.0000	0.0000	0.0000	0.0055	138.9386	0.0055	0.00
0x50	 17:34:46.460	-8.0000	0.0000	0.0000	0.0000	0.0000	0.0000	0.0110	-2.1478	-0.0055	0.00
0x50	 17:34:46.460	-8.0000	0.0000	0.0000	0.0000	0.0000	0.0000	0.0165	-78.2886	-0.0110	0.00
0x50	 17:34:46.558	-7.0000	0.0000	0.0000	0.0000	0.0000	0.0000	0.0055	138.4662	0.0055	0.00
0x50	 17:34:46.559	-7.0000	0.0000	0.0000	0.0000	0.0000	0.0000	0.0110	-2.0544	-0.0055	0.00
0x50	 17:34:46.559	-7.0000	0.0000	0.0000	0.0000	0.0000	0.0000	0.0165	-77.5195	-0.0110	0.00
0x50	 17:34:46.659	-6.0000	0.0000	0.0000	0.0000	0.0000	0.0000	0.0055	138.7244	0.0055	0.00
0x50	 17:34:46.660	-6.0000	0.0000	0.0000	0.0000	0.0000	0.0000	0.0110	-1.9501	-0.0055	0.00
0x50	 17:34:46.661	-6.0000	0.0000	0.0000	0.0000	0.0000	0.0000	0.0165	-76.7944	-0.0110	0.00
0x50	 17:34:46.774	-5.0000	0.0000	0.0000	0.0000	0.0000	0.0000	0.0055	139.1199	0.0055	0.00
0x50	 17:34:46.775	-5.0000	0.0000	0.0000	0.0000	0.0000	0.0000	0.0110	-1.8512	-0.0055	0.00
0x50	 17:34:46.775	-5.0000	0.0000	0.0000	0.0000	0.0000	0.0000	0.0165	-76.0638	-0.0110	0.00
0x50	 17:34:46.858	-4.0000	0.0000	0.0000	0.0000	0.0000	0.0000	0.0055	136.1975	0.0055	0.00
0x50	 17:34:46.859	-4.0000	0.0000	0.0000	0.0000	0.0000	0.0000	0.0110	-1.8237	-0.0055	0.00
0x50	 17:34:46.859	-4.0000	0.0000	0.0000	0.0000	0.0000	0.0000	0.0165	-75.3827	-0.0110	0.00
0x50	 17:34:46.958	-3.0000	0.0000	0.0000	0.0000	0.0000	0.0000	0.0055	134.8901	0.0055	0.00
0x50	 17:34:46.959	-3.0000	0.0000	0.0000	0.0000	0.0000	0.0000	0.0110	-1.7578	-0.0055	0.00
0x50	 17:34:46.959	-3.0000	0.0000	0.0000	0.0000	0.0000	0.0000	0.0165	-74.6741	-0.0110	0.00
0x50	 17:34:47.058	-2.0000	0.0000	0.0000	0.0000	0.0000	0.0000	0.0055	137.4335	0.0055	0.00
0x50	 17:34:47.059	-2.0000	0.0000	0.0000	0.0000	0.0000	0.0000	0.0110	-1.6205	-0.0055	0.00
0x50	 17:34:47.059	-2.0000	0.0000	0.0000	0.0000	0.0000	0.0000	0.0165	-74.0698	-0.0110	0.00
0x50	 17:34:47.159	-1.0000	0.0000	0.0000	0.0000	0.0000	0.0000	0.0055	136.3898	0.0055	0.00
0x50	 17:34:47.186	-1.0000	0.0000	0.0000	0.0000	0.0000	0.0000	0.0110	-1.5656	-0.0055	0.00
0x50	 17:34:47.186	-1.0000	0.0000	0.0000	0.0000	0.0000	0.0000	0.0165	-73.5040	-0.0110	0.00
0x50	 17:34:47.258	0.0000	0.0000	0.0000	0.0000	0.0000	0.0000	0.0055	134.9286	0.0055	0.00
0x50	 17:34:47.259	0.0000	0.0000	0.0000	0.0000	0.0000	0.0000	0.0110	-1.5106	-0.0055	0.00
0x50	 17:34:47.259	0.0000	0.0000	0.0000	0.0000	0.0000	0.0000	0.0165	-72.9108	-0.0110	0.00
0x50	 17:34:47.359	1.0000	0.0000	0.0000	0.0000	0.0000	0.0000	0.0055	136.2305	0.0055	0.00
0x50	 17:34:47.359	1.0000	0.0000	0.0000	0.0000	0.0000	0.0000	0.0110	-1.4172	-0.0055	0.00
0x50	 17:34:47.359	1.0000	0.0000	0.0000	0.0000	0.0000	0.0000	0.0165	-72.3779	-0.0110	0.00
0x50	 17:34:47.459	2.0000	0.0000	0.0000	0.0000	0.0000	0.0000	0.0055	135.9943	0.0055	0.00
0x50	 17:34:47.459	2.0000	0.0000	0.0000	0.0000	0.0000	0.0000	0.0110	-1.3513	-0.0055	0.00
0x50	 17:34:47.459	2.0000	0.0000	0.0000	0.0000	0.0000	0.0000	0.0165	-71.8671	-0.0110	0.00
0x50	 17:34:47.559	3.0000	0.0000	0.0000	0.0000	0.0000	0.0000	0.0055	125.4968	0.0055	0.00
0x50	 17:34:47.561	3.0000	0.0000	0.0000	0.0000	0.0000	0.0000	0.0110	-1.4447	-0.0055	0.00
0x50	 17:34:47.561	3.0000	0.0000	0.0000	0.0000	0.0000	0.0000	0.0165	-71.3672	-0.0110	0.00
0x50	 17:34:47.659	4.0000	0.0000	0.0000	0.0000	0.0000	0.0000	0.0055	117.7789	0.0055	0.00
0x50	 17:34:47.659	4.0000	0.0000	0.0000	0.0000	0.0000	0.0000	0.0110	-1.4832	-0.0055	0.00
0x50	 17:34:47.660	4.0000	0.0000	0.0000	0.0000	0.0000	0.0000	0.0165	-70.8948	-0.0110	0.00
0x50	 17:34:47.758	5.0000	0.0000	0.0000	0.0000	0.0000	0.0000	0.0055	122.7338	0.0055	0.00
0x50	 17:34:47.759	5.0000	0.0000	0.0000	0.0000	0.0000	0.0000	0.0110	-1.3403	-0.0055	0.00
0x50	 17:34:47.759	5.0000	0.0000	0.0000	0.0000	0.0000	0.0000	0.0165	-70.4498	-0.0110	0.00
0x50	 17:34:47.859	6.0000	0.0000	0.0000	0.0000	0.0000	0.0000	0.0055	127.3975	0.0055	0.00
0x50	 17:34:47.860	6.0000	0.0000	0.0000	0.0000	0.0000	0.0000	0.0110	-1.2250	-0.0055	0.00
0x50	 17:34:47.860	6.0000	0.0000	0.0000	0.0000	0.0000	0.0000	0.0165	-70.0928	-0.0110	0.00
0x50	 17:34:47.978	7.0000	0.0000	0.0610	0.0000	0.0000	0.0000	0.0055	121.4154	0.0055	0.00
0x50	 17:34:47.978	7.0000	0.0000	0.0610	0.0000	0.0000	0.0000	0.0110	-1.2360	-0.0055	0.00
0x50	 17:34:47.978	7.0000	0.0000	0.0610	0.0000	0.0000	0.0000	0.0165	-69.6808	-0.0110	0.00
0x50	 17:34:48.058	8.0000	0.0000	0.0000	0.0000	0.0000	0.0000	0.0055	118.8336	0.0055	0.00
0x50	 17:34:48.059	8.0000	0.0000	0.0000	0.0000	0.0000	0.0000	0.0110	-1.2085	-0.0055	0.00
0x50	 17:34:48.059	8.0000	0.0000	0.0000	0.0000	0.0000	0.0000	0.0165	-69.3073	-0.0110	0.00
0x50	 17:34:48.159	9.0000	0.0000	0.0000	0.0000	0.0000	0.0000	0.0055	112.2473	0.0055	0.00
0x50	 17:34:48.159	9.0000	0.0000	0.0000	0.0000	0.0000	0.0000	0.0110	-1.2250	-0.0055	0.00
0x50	 17:34:48.159	9.0000	0.0000	0.0000	0.0000	0.0000	0.0000	0.0165	-68.9557	-0.0110	0.00
0x50	 17:34:48.260	10.0000	0.0000	0.0000	0.0000	0.0000	0.0000	0.0055	110.0500	0.0055	0.00
0x50	 17:34:48.261	10.0000	0.0000	0.0000	0.0000	0.0000	0.0000	0.0110	-1.1865	-0.0055	0.00
0x50	 17:34:48.261	10.0000	0.0000	0.0000	0.0000	0.0000	0.0000	0.0165	-68.5876	-0.0110	0.00
0x50	 17:34:48.362	11.0000	0.0000	0.0000	0.0000	0.0000	0.0000	0.0055	105.9412	0.0055	0.00
0x50	 17:34:48.362	11.0000	0.0000	0.0000	0.0000	0.0000	0.0000	0.0110	-1.1700	-0.0055	0.00
0x50	 17:34:48.362	11.0000	0.0000	0.0000	0.0000	0.0000	0.0000	0.0165	-68.2745	-0.0110	0.00
